                   1          -0.64000016
                   2          -0.84799868
                   3          -0.89599854
                   4           -1.0239978
                   5           -1.0479975
                   6           -1.0999973
                   7           -1.0879974
                   8           -1.0919974
                   9           -1.0959973
                  10           -1.0919974
                  11           -1.0839975
                  12           -1.1999969
                  13           -1.1999969
                  14           -1.1999969
                  15           -1.1999969
                  16           -1.1999969
                  17           -1.1999969
                  18           -1.1999969
                  19           -1.1999969
                  20           -1.1999969
                  21            -1.155997
                  22           -1.1999969
                  23           -1.1999969
                  24           -1.1999969
                  25           -1.1999969
                  26            -1.155997
                  27           -1.1999969
                  28           -1.1999969
                  29           -1.1999969
                  30           -1.1999969
                  31           -1.1999969
                  32           -1.1999969
                  33           -1.1999969
                  34           -1.1999969
                  35           -1.1999969
                  36           -1.1999969
                  37           -1.1999969
                  38           -1.1999969
                  39           -1.1999969
                  40           -1.1999969
                  41           -1.1999969
                  42           -1.1999969
                  43           -1.1999969
                  44           -1.1519971
                  45           -1.1999969
                  46           -1.1999969
                  47           -1.1999969
                  48           -1.1999969
                  49           -1.1999969
                  50           -1.1519971
                  51           -1.1999969
                  52           -1.1999969
                  53           -1.1999969
                  54           -1.1519971
                  55           -1.1399972
                  56           -1.1999969
                  57           -1.1999969
                  58           -1.1519971
                  59           -1.1999969
                  60           -1.1999969
                  61           -1.1999969
                  62           -1.1999969
                  63           -1.1999969
                  64           -1.1999969
                  65           -1.1999969
                  66           -1.1999969
                  67           -1.1999969
                  68           -1.1999969
                  69           -1.1999969
                  70           -1.1999969
                  71           -1.1999969
                  72           -1.1999969
                  73            -1.155997
                  74           -1.1999969
                  75           -1.1999969
                  76           -1.1999969
                  77           -1.1999969
                  78           -1.1999969
                  79           -1.1999969
                  80           -1.1999969
                  81           -1.1999969
                  82           -1.1999969
                  83           -1.1999969
                  84           -1.1999969
                  85           -1.1999969
                  86           -1.1999969
                  87           -1.1999969
                  88           -1.1999969
                  89           -1.1999969
                  90           -1.1999969
                  91           -1.1999969
                  92           -1.1999969
                  93           -1.1999969
                  94           -1.1999969
                  95           -1.1999969
                  96           -1.1999969
                  97           -1.1999969
                  98           -1.1999969
                  99           -1.1999969
                 100           -1.1999969
                 101           -1.1999969
                 102           -1.1999969
                 103           -1.1999969
                 104           -1.1999969
                 105           -1.1479971
                 106           -1.1479971
                 107           -1.1319973
                 108           -1.1319973
                 109           -1.1359973
                 110           -1.1359973
                 111           -1.1319973
                 112           -1.1399972
                 113           -1.1999969
                 114            -1.155997
                 115           -1.1999969
                 116            -1.155997
                 117           -1.1519971
                 118           -1.1479971
                 119           -1.1999969
                 120           -1.1999969
                 121            -1.155997
                 122           -1.1999969
                 123           -1.1999969
                 124           -1.1999969
                 125           -1.1999969
                 126           -1.1999969
                 127           -1.1999969
                 128           -1.1999969
                 129           -1.1999969
                 130           -1.1999969
                 131           -1.1999969
                 132           -1.1999969
                 133           -1.1999969
                 134            -1.155997
                 135           -1.1999969
                 136           -1.1999969
                 137           -1.1999969
                 138           -1.1999969
                 139           -1.1999969
                 140           -1.1999969
                 141           -1.1999969
                 142           -1.1999969
                 143           -1.1999969
                 144           -1.1999969
                 145            -1.155997
                 146           -1.1519971
                 147           -1.1519971
                 148           -1.1519971
                 149           -1.1999969
                 150           -1.1999969
                 151           -1.1999969
                 152           -1.1999969
                 153           -1.1519971
                 154           -1.1999969
                 155           -1.1999969
                 156           -1.1999969
                 157           -1.1999969
                 158           -1.1999969
                 159           -1.1999969
                 160           -1.1999969
                 161           -1.1999969
                 162           -1.1519971
                 163           -1.1519971
                 164           -1.1519971
                 165           -1.1999969
                 166           -1.1999969
                 167           -1.1999969
                 168           -1.1999969
                 169           -1.1999969
                 170           -1.1999969
                 171           -1.1999969
                 172            -1.155997
                 173           -1.1999969
                 174           -1.1999969
                 175           -1.1999969
                 176           -1.1999969
                 177           -1.1999969
                 178            -1.155997
                 179           -1.1999969
                 180           -1.1999969
                 181           -1.1999969
                 182           -1.1999969
                 183           -1.1999969
                 184           -1.1999969
                 185           -1.1999969
                 186           -1.1999969
                 187            -1.155997
                 188           -1.1119971
                 189           -1.1999969
                 190           -1.1999969
                 191           -1.1999969
                 192           -1.1999969
                 193           -1.1999969
                 194           -1.1519971
                 195           -1.1039972
                 196           -1.1079972
                 197           -1.1999969
                 198           -1.1999969
                 199           -1.1999969
                 200           -1.1999969
                 201           -1.1999969
                 202           -1.1479971
                 203           -1.1479971
                 204            -1.155997
                 205           -1.1479971
                 206           -1.1519971
                 207           -1.1999969
                 208           -1.1999969
                 209           -1.1999969
                 210           -1.1999969
                 211           -1.1999969
                 212           -1.1999969
                 213           -1.1999969
                 214           -1.1999969
                 215           -1.1999969
                 216           -1.1999969
                 217           -1.1999969
                 218           -1.1999969
                 219           -1.1999969
                 220           -1.1519971
                 221           -1.1999969
                 222           -1.1999969
                 223           -1.1999969
                 224           -1.1999969
                 225           -1.1999969
                 226           -1.1999969
                 227           -1.1999969
                 228           -1.1999969
                 229           -1.1999969
                 230           -1.1999969
                 231           -1.1999969
                 232           -1.1999969
                 233           -1.1999969
                 234            -1.155997
                 235           -1.1519971
                 236           -1.1999969
                 237           -1.1999969
                 238           -1.1999969
                 239           -1.1999969
                 240           -1.1999969
                 241           -1.1479971
                 242            -1.155997
                 243           -1.1999969
                 244           -1.1999969
                 245           -1.1999969
                 246           -1.1999969
                 247           -1.1999969
                 248           -1.1999969
                 249           -1.1999969
                 250           -1.1999969
                 251           -1.1999969
                 252           -1.1999969
                 253           -1.1999969
                 254           -1.1999969
                 255           -1.1999969
                 256           -1.1999969
                 257           -1.1999969
                 258           -1.1999969
                 259           -1.1999969
                 260           -1.1999969
                 261           -1.1999969
                 262           -1.1999969
                 263           -1.1999969
                 264           -1.1479971
                 265           -1.1519971
                 266           -1.1999969
                 267           -1.1999969
                 268           -1.1999969
                 269           -1.1999969
                 270            -1.155997
                 271           -1.1999969
                 272           -1.1999969
                 273            -1.155997
                 274            -1.155997
                 275           -1.1999969
                 276           -1.1999969
                 277           -1.1479971
                 278           -1.1439972
                 279           -1.1479971
                 280           -1.1999969
                 281           -1.1999969
                 282           -1.1999969
                 283           -1.1999969
                 284           -1.1999969
                 285           -1.1519971
                 286            -1.155997
                 287            -1.155997
                 288            -1.155997
                 289           -1.1999969
                 290           -1.1999969
                 291           -1.1999969
                 292           -1.1999969
                 293           -1.1999969
                 294           -1.1999969
                 295           -1.1999969
                 296           -1.1999969
                 297           -1.1999969
                 298           -1.1999969
                 299           -1.1999969
                 300           -1.1999969
                 301           -1.1999969
                 302           -1.1999969
                 303           -1.1999969
                 304            -1.155997
                 305            -1.155997
                 306           -1.1999969
                 307           -1.1999969
                 308            -1.155997
                 309           -1.1999969
                 310           -1.1999969
                 311           -1.1999969
                 312           -1.1519971
                 313           -1.1439972
                 314            -1.155997
                 315           -1.1079972
                 316           -1.1079972
                 317           -1.1999969
                 318           -1.1999969
                 319           -1.1999969
                 320           -1.1999969
                 321            -1.155997
                 322           -1.1999969
                 323           -1.1999969
                 324           -1.1999969
                 325           -1.1999969
                 326           -1.1999969
                 327            -1.155997
                 328           -1.1999969
                 329           -1.1999969
                 330           -1.1999969
                 331           -1.1999969
                 332           -1.1479971
                 333            -1.155997
                 334           -1.1999969
                 335           -1.1999969
                 336           -1.1999969
                 337           -1.1999969
                 338           -1.1999969
                 339           -1.1999969
                 340           -1.1999969
                 341           -1.1999969
                 342           -1.1999969
                 343            -1.155997
                 344           -1.1999969
                 345           -1.1999969
                 346           -1.1999969
                 347           -1.1999969
                 348           -1.1999969
                 349           -1.1999969
                 350           -1.1999969
                 351           -1.1999969
                 352            -1.155997
                 353           -1.1999969
                 354           -1.1999969
                 355           -1.1999969
                 356           -1.1999969
                 357           -1.1999969
                 358           -1.1999969
                 359           -1.1999969
                 360           -1.1999969
                 361           -1.1999969
                 362           -1.1999969
                 363           -1.1999969
                 364           -1.1999969
                 365           -1.1999969
                 366           -1.1999969
                 367           -1.1999969
                 368           -1.1999969
                 369           -1.1999969
                 370           -1.1999969
                 371            -1.155997
                 372            -1.155997
                 373            -1.155997
                 374            -1.155997
                 375           -1.1519971
                 376           -1.1999969
                 377           -1.1999969
                 378           -1.1999969
                 379           -1.1999969
                 380           -1.1999969
                 381           -1.1999969
                 382           -1.1999969
                 383           -1.1999969
                 384           -1.1519971
                 385           -1.1999969
                 386            -1.155997
                 387           -1.1999969
                 388           -1.1999969
                 389           -1.1999969
                 390           -1.1999969
                 391           -1.1999969
                 392           -1.1999969
                 393           -1.1999969
                 394            -1.155997
                 395           -1.1999969
                 396           -1.1999969
                 397           -1.1999969
                 398           -1.1999969
                 399           -1.1999969
                 400           -1.1999969
                 401            -1.155997
                 402           -1.1999969
                 403           -1.1999969
                 404           -1.1999969
                 405           -1.1999969
                 406           -1.1999969
                 407           -1.1999969
                 408           -1.1999969
                 409           -1.1999969
                 410           -1.1999969
                 411           -1.1999969
                 412           -1.1999969
                 413           -1.1999969
                 414           -1.1999969
                 415           -1.1519971
                 416           -1.1519971
                 417           -1.1999969
                 418           -1.1999969
                 419           -1.1999969
                 420           -1.1999969
                 421           -1.1999969
                 422           -1.1999969
                 423           -1.1999969
                 424           -1.1999969
                 425           -1.1999969
                 426           -1.1999969
                 427           -1.1999969
                 428           -1.1999969
                 429           -1.1999969
                 430            -1.155997
                 431           -1.1999969
                 432           -1.1999969
                 433           -1.1999969
                 434            -1.155997
                 435           -1.1999969
                 436           -1.1999969
                 437           -1.1999969
                 438           -1.1999969
                 439           -1.1999969
                 440           -1.1999969
                 441           -1.1999969
                 442            -1.155997
                 443            -1.155997
                 444           -1.1999969
                 445           -1.1999969
                 446           -1.1999969
                 447           -1.1999969
                 448           -1.1999969
                 449           -1.1999969
                 450           -1.1999969
                 451           -1.1999969
                 452           -1.1999969
                 453           -1.1999969
                 454           -1.1999969
                 455           -1.1999969
                 456           -1.1999969
                 457           -1.1999969
                 458           -1.1999969
                 459           -1.1999969
                 460           -1.1999969
                 461           -1.1999969
                 462           -1.1999969
                 463           -1.1999969
                 464           -1.1999969
                 465           -1.1999969
                 466            -1.155997
                 467           -1.1519971
                 468           -1.1519971
                 469           -1.0679971
                 470           -1.1999969
                 471           -1.1999969
                 472           -1.1999969
                 473           -1.1999969
                 474           -1.1999969
                 475            -1.155997
                 476           -1.1999969
                 477           -1.1999969
                 478            -1.155997
                 479           -1.1999969
                 480           -1.1999969
                 481           -1.1999969
                 482           -1.1999969
                 483           -1.1999969
                 484           -1.1999969
                 485           -1.1999969
                 486           -1.1999969
                 487           -1.1999969
                 488           -1.1999969
                 489           -1.1999969
                 490           -1.1999969
                 491           -1.1999969
                 492           -1.1999969
                 493           -1.1999969
                 494           -1.1999969
                 495           -1.1999969
                 496           -1.1999969
                 497           -1.1999969
                 498            -1.155997
                 499            -1.155997
                 500           -1.1999969
                 501           -1.1999969
                 502           -1.1999969
                 503           -1.1999969
                 504           -1.1519971
                 505           -1.1519971
                 506           -1.1999969
                 507           -1.1519971
                 508           -1.1999969
                 509           -1.1999969
                 510           -1.1999969
                 511           -1.1999969
                 512           -1.1999969
                 513           -1.1999969
                 514           -1.1999969
                 515           -1.1999969
                 516           -1.1999969
                 517           -1.1999969
                 518           -1.1999969
                 519           -1.1999969
                 520           -1.1999969
                 521           -1.1999969
                 522           -1.1999969
                 523           -1.1999969
                 524           -1.1999969
                 525           -1.1999969
                 526           -1.1999969
                 527           -1.1999969
                 528           -1.1999969
                 529            -1.155997
                 530            -1.155997
                 531           -1.1479971
                 532           -1.1999969
                 533           -1.1999969
                 534           -1.1999969
                 535           -1.1999969
                 536           -1.1999969
                 537           -1.1999969
                 538           -1.1999969
                 539           -1.1999969
                 540           -1.1999969
                 541           -1.1999969
                 542           -1.1999969
                 543           -1.1999969
                 544           -1.1999969
                 545           -1.1999969
                 546           -1.1999969
                 547           -1.1479971
                 548           -1.1519971
                 549           -1.1999969
                 550           -1.1999969
                 551           -1.1999969
                 552           -1.1999969
                 553           -1.1999969
                 554           -1.1999969
                 555           -1.1999969
                 556           -1.1999969
                 557           -1.1999969
                 558           -1.1999969
                 559           -1.1999969
                 560           -1.1999969
                 561           -1.1999969
                 562           -1.1999969
                 563           -1.1999969
                 564           -1.1999969
                 565           -1.1519971
                 566           -1.1479971
                 567           -1.1999969
                 568            -1.155997
                 569            -1.155997
                 570           -1.1999969
                 571           -1.1999969
                 572           -1.1999969
                 573           -1.1999969
                 574           -1.1999969
                 575           -1.1999969
                 576           -1.1999969
                 577           -1.1999969
                 578           -1.1999969
                 579           -1.1999969
                 580           -1.1999969
                 581           -1.1999969
                 582           -1.1999969
                 583           -1.1999969
                 584           -1.1999969
                 585           -1.1999969
                 586           -1.1999969
                 587           -1.1999969
                 588           -1.1999969
                 589           -1.1999969
                 590           -1.1999969
                 591           -1.1999969
                 592           -1.1999969
                 593           -1.1999969
                 594           -1.1999969
                 595           -1.1999969
                 596           -1.1999969
                 597           -1.1999969
                 598           -1.1999969
                 599           -1.1999969
                 600           -1.1999969
                 601           -1.1999969
                 602           -1.1999969
                 603           -1.1999969
                 604           -1.1999969
                 605           -1.1999969
                 606           -1.1999969
                 607            -1.155997
                 608            -1.155997
                 609           -1.1519971
                 610           -1.1439972
                 611           -1.1479971
                 612           -1.1999969
                 613            -1.155997
                 614           -1.1999969
                 615           -1.1999969
                 616           -1.1999969
                 617           -1.1999969
                 618           -1.1999969
                 619           -1.1999969
                 620           -1.1999969
                 621           -1.1999969
                 622           -1.1999969
                 623           -1.1999969
                 624            -1.155997
                 625           -1.1999969
                 626            -1.155997
                 627           -1.1999969
                 628           -1.1999969
                 629           -1.1999969
                 630           -1.1999969
                 631           -1.1999969
                 632           -1.1999969
                 633           -1.1999969
                 634           -1.1479971
                 635           -1.1519971
                 636           -1.1999969
                 637           -1.1999969
                 638           -1.1999969
                 639           -1.1999969
                 640           -1.1999969
                 641           -1.1999969
                 642           -1.1999969
                 643           -1.1999969
                 644            -1.155997
                 645           -1.1999969
                 646           -1.1999969
                 647           -1.1999969
                 648           -1.1999969
                 649           -1.1999969
                 650            -1.155997
                 651            -1.155997
                 652           -1.1999969
                 653           -1.1999969
                 654           -1.1999969
                 655           -1.1519971
                 656           -1.1079972
                 657           -1.1519971
                 658           -1.1519971
                 659           -1.1999969
                 660            -1.155997
                 661           -1.1999969
                 662           -1.1999969
                 663            -1.155997
                 664           -1.1999969
                 665           -1.1999969
                 666           -1.1999969
                 667           -1.1999969
                 668           -1.1999969
                 669           -1.1999969
                 670            -1.155997
                 671           -1.1999969
                 672           -1.1999969
                 673           -1.1999969
                 674           -1.1999969
                 675           -1.1999969
                 676           -1.1999969
                 677           -1.1999969
                 678           -1.1999969
                 679           -1.1999969
                 680           -1.1999969
                 681           -1.1999969
                 682           -1.1999969
                 683           -1.1999969
                 684           -1.1439972
                 685           -1.1439972
                 686           -1.1359973
                 687           -1.1439972
                 688           -1.1479971
                 689           -1.1039972
                 690           -1.1519971
                 691            -1.155997
                 692           -1.1999969
                 693           -1.1999969
                 694            -1.155997
                 695            -1.155997
                 696            -1.155997
                 697            -1.155997
                 698            -1.155997
                 699           -1.1119971
                 700            -1.155997
                 701           -1.1999969
                 702           -1.1999969
                 703           -1.1999969
                 704           -1.1999969
                 705           -1.1439972
                 706           -1.1479971
                 707           -1.0959973
                 708           -1.1999969
                 709           -1.1999969
                 710           -1.1999969
                 711           -1.1999969
                 712           -1.1999969
                 713           -1.1999969
                 714           -1.1999969
                 715           -1.1999969
                 716           -1.1999969
                 717           -1.1999969
                 718           -1.1999969
                 719           -1.1999969
                 720           -1.1999969
                 721           -1.1999969
                 722           -1.1999969
                 723           -1.1999969
                 724           -1.1519971
                 725           -1.1519971
                 726           -1.1519971
                 727            -1.155997
                 728           -1.1999969
                 729           -1.1999969
                 730           -1.1999969
                 731           -1.1999969
                 732           -1.1999969
                 733           -1.1999969
                 734           -1.1999969
                 735           -1.1999969
                 736           -1.1999969
                 737           -1.1999969
                 738           -1.1999969
                 739           -1.1999969
                 740           -1.1999969
                 741           -1.1999969
                 742           -1.1999969
                 743           -1.1999969
                 744           -1.1999969
                 745           -1.1999969
                 746           -1.1999969
                 747           -1.1999969
                 748           -1.1999969
                 749           -1.1319973
                 750           -1.1439972
                 751           -1.1399972
                 752           -1.1399972
                 753           -1.1519971
                 754           -1.1479971
                 755            -1.155997
                 756           -1.1999969
                 757            -1.155997
                 758           -1.1999969
                 759           -1.1519971
                 760           -1.1479971
                 761           -1.1479971
                 762           -1.1439972
                 763           -1.1479971
                 764           -1.1439972
                 765           -1.1439972
                 766           -1.1479971
                 767           -1.1999969
                 768           -1.1999969
                 769           -1.1999969
                 770           -1.1999969
                 771           -1.1999969
                 772           -1.1999969
                 773           -1.1999969
                 774           -1.1999969
                 775           -1.1999969
                 776           -1.1999969
                 777           -1.1999969
                 778           -1.1999969
                 779           -1.1999969
                 780           -1.1999969
                 781           -1.1999969
                 782           -1.1999969
                 783           -1.1999969
                 784           -1.1999969
                 785           -1.1999969
                 786           -1.1999969
                 787           -1.1999969
                 788           -1.1999969
                 789           -1.1999969
                 790           -1.1999969
                 791           -1.1999969
                 792           -1.1999969
                 793           -1.1999969
                 794           -1.1999969
                 795           -1.1999969
                 796           -1.1999969
                 797           -1.1999969
                 798           -1.1999969
                 799           -1.1999969
                 800           -1.1999969
                 801           -1.1999969
                 802           -1.1999969
                 803           -1.1999969
                 804           -1.1999969
                 805           -1.1999969
                 806           -1.1999969
                 807           -1.1999969
                 808           -1.1999969
                 809           -1.1999969
                 810           -1.1999969
                 811           -1.1999969
                 812           -1.1999969
                 813           -1.1999969
                 814           -1.1999969
                 815           -1.1999969
                 816            -1.155997
                 817           -1.1999969
                 818            -1.155997
                 819           -1.1999969
                 820           -1.1999969
                 821            -1.155997
                 822           -1.1479971
                 823           -1.1999969
                 824           -1.1999969
                 825           -1.1999969
                 826           -1.1999969
                 827           -1.1999969
                 828           -1.1999969
                 829           -1.1999969
                 830           -1.1999969
                 831           -1.1999969
                 832            -1.155997
                 833           -1.1999969
                 834           -1.1999969
                 835           -1.0959973
                 836           -1.1519971
                 837            -1.155997
                 838           -1.1519971
                 839            -1.155997
                 840           -1.1479971
                 841           -1.1999969
                 842           -1.1999969
                 843           -1.1999969
                 844           -1.1999969
                 845           -1.1999969
                 846           -1.1999969
                 847           -1.1999969
                 848           -1.1999969
                 849           -1.1999969
                 850           -1.1999969
                 851           -1.1999969
                 852           -1.1999969
                 853           -1.1999969
                 854           -1.1999969
                 855           -1.1999969
                 856           -1.1999969
                 857           -1.1999969
                 858           -1.1999969
                 859           -1.1999969
                 860           -1.1999969
                 861           -1.1999969
                 862           -1.1999969
                 863           -1.1999969
                 864           -1.1999969
                 865           -1.1999969
                 866           -1.1999969
                 867            -1.155997
                 868           -1.1039972
                 869           -1.1039972
                 870           -1.1479971
                 871            -1.155997
                 872           -1.1999969
                 873            -1.155997
                 874           -1.1479971
                 875            -1.155997
                 876           -1.1999969
                 877           -1.1999969
                 878           -1.1999969
                 879           -1.1999969
                 880           -1.1999969
                 881           -1.1999969
                 882           -1.1999969
                 883           -1.1999969
                 884           -1.1999969
                 885           -1.1999969
                 886           -1.1999969
                 887           -1.1999969
                 888           -1.1999969
                 889           -1.1999969
                 890           -1.1999969
                 891           -1.1999969
                 892            -1.155997
                 893           -1.1999969
                 894           -1.1999969
                 895           -1.1999969
                 896           -1.1999969
                 897           -1.1999969
                 898           -1.1999969
                 899            -1.155997
                 900           -1.1119971
                 901           -1.1119971
                 902            -1.155997
                 903            -1.155997
                 904           -1.1999969
                 905           -1.1999969
                 906           -1.1999969
                 907           -1.1999969
                 908           -1.1999969
                 909           -1.1999969
                 910           -1.1999969
                 911            -1.155997
                 912           -1.1999969
                 913            -1.155997
                 914           -1.1999969
                 915           -1.1999969
                 916           -1.1999969
                 917           -1.1999969
                 918           -1.1999969
                 919           -1.1999969
                 920           -1.1999969
                 921           -1.1999969
                 922           -1.1999969
                 923           -1.1999969
                 924           -1.1999969
                 925           -1.1999969
                 926           -1.1999969
                 927           -1.1999969
                 928           -1.1999969
                 929           -1.1999969
                 930           -1.1999969
                 931           -1.1519971
                 932           -1.1999969
                 933           -1.1999969
                 934           -1.1999969
                 935           -1.1999969
                 936           -1.1999969
                 937           -1.1999969
                 938           -1.1479971
                 939            -1.155997
                 940           -1.1479971
                 941           -1.1999969
                 942           -1.1999969
                 943           -1.1999969
                 944           -1.1999969
                 945           -1.1999969
                 946           -1.1999969
                 947           -1.1999969
                 948           -1.1999969
                 949           -1.1999969
                 950           -1.1999969
                 951           -1.1999969
                 952           -1.1999969
                 953           -1.1999969
                 954           -1.1999969
                 955           -1.1999969
                 956           -1.1999969
                 957           -1.1999969
                 958           -1.1999969
                 959           -1.1999969
                 960           -1.1999969
                 961           -1.1999969
                 962           -1.1999969
                 963           -1.1999969
                 964           -1.1999969
                 965           -1.1999969
                 966           -1.1999969
                 967           -1.1999969
                 968           -1.1999969
                 969           -1.1999969
                 970           -1.1999969
                 971           -1.1999969
                 972           -1.1999969
                 973           -1.1999969
                 974           -1.1999969
                 975           -1.1999969
                 976           -1.1999969
                 977           -1.1999969
                 978           -1.1999969
                 979           -1.1999969
                 980           -1.1519971
                 981           -1.1479971
                 982           -1.1519971
                 983           -1.1039972
                 984           -1.0959973
                 985           -1.0879974
                 986           -1.0839975
                 987           -1.1399972
                 988           -1.1399972
                 989           -1.1479971
                 990           -1.1519971
                 991            -1.155997
                 992           -1.1999969
                 993           -1.1999969
                 994           -1.1999969
                 995           -1.1999969
                 996           -1.1999969
                 997           -1.1999969
                 998           -1.1039972
                 999            -1.155997
                1000           -1.1999969
