                   1          -0.21059906
                   2          -0.18587875
                   3          -0.19659849
                   4          -0.19327822
                   5          -0.19855899
                   6          -0.23819849
                   7          -0.19803785
                   8           -0.1997582
                   9          -0.24267827
                  10          -0.23415674
                  11          -0.21999893
                  12          -0.22119786
                  13          -0.22271866
                  14          -0.20183906
                  15          -0.19635972
                  16          -0.19195952
                  17          -0.19043852
                  18          -0.19247822
                  19          -0.17195815
                  20          -0.23139732
                  21          -0.22687754
                  22          -0.18091811
                  23          -0.21379849
                  24          -0.22595757
                  25          -0.22323754
                  26          -0.21471797
                  27          -0.21387847
                  28          -0.22391884
                  29           -0.1965981
                  30          -0.21763824
                  31          -0.18467847
                  32          -0.20291783
                  33          -0.20103876
                  34          -0.20515864
                  35          -0.21387877
                  36          -0.24131851
                  37          -0.19747847
                  38          -0.19963911
                  39          -0.20555834
                  40           -0.2166373
                  41          -0.21423809
                  42          -0.21295781
                  43          -0.20387769
                  44          -0.20559804
                  45          -0.19243892
                  46          -0.22691841
                  47          -0.22267739
                  48           -0.2110775
                  49          -0.20403804
                  50          -0.21043755
                  51          -0.21127813
                  52          -0.21223935
                  53          -0.22135918
                  54          -0.18435952
                  55          -0.16971889
                  56          -0.16827866
                  57          -0.18763901
                  58          -0.21791728
                  59          -0.21651831
                  60          -0.23795825
                  61          -0.20239873
                  62          -0.19987886
                  63          -0.24963774
                  64          -0.22891831
                  65          -0.20499839
                  66          -0.22595884
                  67          -0.20323813
                  68          -0.19351885
                  69           -0.2085188
                  70          -0.20759912
                  71          -0.20955835
                  72          -0.19991885
                  73          -0.20547915
                  74          -0.20507915
                  75          -0.20943838
                  76          -0.22087862
                  77          -0.21019858
                  78          -0.20563872
                  79          -0.20319961
                  80           -0.2077184
                  81          -0.22703847
                  82          -0.19695869
                  83          -0.23163843
                  84          -0.21935722
                  85          -0.22199824
                  86          -0.21447803
                  87          -0.21511884
                  88          -0.19435865
                  89          -0.20503926
                  90          -0.22515923
                  91          -0.19215879
                  92          -0.21595922
                  93          -0.19639844
                  94          -0.21655938
                  95           -0.2065583
                  96          -0.22759834
                  97          -0.19519873
                  98           -0.2089583
                  99          -0.19683881
                 100          -0.19631787
                 101          -0.19963843
                 102          -0.18335928
                 103           -0.2125186
                 104          -0.23591816
                 105          -0.22003852
                 106          -0.22207773
                 107          -0.19631797
                 108           -0.2425584
                 109          -0.22423808
                 110          -0.21047871
                 111          -0.21167833
                 112           -0.1905188
                 113          -0.22571792
                 114          -0.21083814
                 115          -0.22279786
                 116          -0.22299731
                 117          -0.20283902
                 118           -0.2109188
                 119          -0.20083912
                 120          -0.18995903
                 121          -0.23067836
                 122          -0.23207784
                 123          -0.19071835
                 124          -0.21711856
                 125          -0.18543907
                 126          -0.22403853
                 127          -0.22179809
                 128          -0.22971812
                 129          -0.20951875
                 130          -0.21727823
                 131          -0.19679864
                 132          -0.21555805
                 133          -0.20639883
                 134          -0.20211869
                 135          -0.20131831
                 136          -0.20431797
                 137          -0.22999844
                 138           -0.1985582
                 139          -0.20115796
                 140          -0.18423867
                 141          -0.21039873
                 142          -0.21379878
                 143            -0.193719
                 144          -0.22179751
                 145          -0.21075776
                 146          -0.19679873
                 147          -0.20623828
                 148          -0.19847842
                 149          -0.20031749
                 150          -0.19995748
                 151          -0.23743808
                 152          -0.19903877
                 153          -0.20059878
                 154          -0.20919824
                 155          -0.20547974
                 156           -0.1977586
                 157          -0.19699839
                 158          -0.22127852
                 159          -0.23563705
                 160          -0.20919795
                 161          -0.22419868
                 162          -0.19807813
                 163          -0.23487861
                 164           -0.2019998
                 165          -0.22327872
                 166           -0.2313185
                 167          -0.20347925
                 168           -0.2193184
                 169          -0.18819819
                 170          -0.20247686
                 171          -0.22615694
                 172          -0.22095869
                 173          -0.21559922
                 174          -0.20351894
                 175          -0.20543876
                 176          -0.20591855
                 177          -0.20915923
                 178          -0.22143915
                 179          -0.19071944
                 180          -0.19995874
                 181          -0.20031856
                 182          -0.22331831
                 183          -0.21067895
                 184          -0.17159931
                 185          -0.20379849
                 186          -0.20367754
                 187          -0.20127872
                 188          -0.20847842
                 189          -0.20211831
                 190          -0.21151933
                 191          -0.21287891
                 192          -0.21859887
                 193          -0.19855781
                 194          -0.19479825
                 195          -0.20059828
                 196          -0.24099858
                 197           -0.2281186
                 198           -0.2198775
                 199          -0.21103847
                 200          -0.21799864
                 201          -0.20719844
                 202          -0.19799794
                 203          -0.18875884
                 204          -0.20047812
                 205          -0.21339761
                 206          -0.21159805
                 207          -0.21379839
                 208          -0.22399844
                 209          -0.19599824
                 210          -0.21235864
                 211          -0.19879873
                 212          -0.20135938
                 213          -0.17183867
                 214          -0.24251918
                 215          -0.20679873
                 216          -0.18467964
                 217          -0.18279853
                 218          -0.21699868
                 219          -0.22799814
                 220          -0.19527842
                 221          -0.19015938
                 222          -0.20307964
                 223           -0.2191999
                 224          -0.19003969
                 225          -0.20663877
                 226          -0.20035894
                 227          -0.19743681
                 228          -0.23303847
                 229          -0.22703779
                 230          -0.21435894
                 231          -0.19471894
                 232          -0.21055849
                 233          -0.21651851
                 234          -0.22439815
                 235          -0.24055772
                 236          -0.22147837
                 237          -0.21827886
                 238          -0.20851909
                 239          -0.21523795
                 240           -0.2336791
                 241          -0.19699927
                 242          -0.20051792
                 243          -0.22143868
                 244          -0.19283892
                 245          -0.19007881
                 246          -0.21763775
                 247          -0.20687862
                 248          -0.23523852
                 249          -0.20595893
                 250          -0.20715874
                 251          -0.20635806
                 252          -0.22199874
                 253          -0.21823886
                 254          -0.20379898
                 255          -0.20519805
                 256          -0.21559922
                 257          -0.19019917
                 258          -0.22899848
                 259          -0.21399833
                 260          -0.22671816
                 261          -0.21223906
                 262           -0.2249981
                 263          -0.23691753
                 264          -0.21695879
                 265          -0.22443745
                 266          -0.18919843
                 267          -0.22827867
                 268          -0.21383946
                 269          -0.24607921
                 270           -0.2369186
                 271          -0.22795835
                 272          -0.22623906
                 273          -0.21255869
                 274          -0.21807773
                 275          -0.22483794
                 276          -0.20867866
                 277          -0.20767842
                 278          -0.19163862
                 279          -0.21763784
                 280           -0.2193581
                 281          -0.19595864
                 282          -0.22039844
                 283           -0.1953187
                 284          -0.21819839
                 285          -0.20003852
                 286          -0.22959854
                 287          -0.22431846
                 288           -0.2001188
                 289          -0.21775879
                 290          -0.22199912
                 291          -0.18359961
                 292          -0.19631846
                 293          -0.21779849
                 294           -0.1980789
                 295          -0.21111827
                 296          -0.24175899
                 297          -0.21319874
                 298          -0.21331851
                 299          -0.21531957
                 300          -0.22923775
                 301          -0.22271816
                 302          -0.20359853
                 303          -0.25299838
                 304          -0.20915785
                 305          -0.23095781
                 306          -0.19159697
                 307          -0.19027749
                 308          -0.21563794
                 309          -0.21307749
                 310          -0.17715815
                 311          -0.19827828
                 312          -0.19103906
                 313          -0.17395903
                 314          -0.17383868
                 315           -0.2133586
                 316          -0.19067866
                 317          -0.20307837
                 318          -0.23131861
                 319           -0.2125186
                 320          -0.20943838
                 321          -0.19515972
                 322          -0.20059907
                 323          -0.23143809
                 324          -0.19619907
                 325          -0.19203912
                 326          -0.20863847
                 327          -0.18391894
                 328          -0.19395883
                 329          -0.20743877
                 330          -0.21579868
                 331           -0.2190377
                 332          -0.22267924
                 333          -0.21591933
                 334          -0.22367871
                 335          -0.20851812
                 336          -0.20583975
                 337          -0.19347896
                 338          -0.19643921
                 339          -0.19903925
                 340          -0.22471856
                 341            -0.207477
                 342           -0.2145983
                 343          -0.20747797
                 344          -0.22947846
                 345          -0.18543896
                 346          -0.20603921
                 347          -0.21123764
                 348          -0.23351817
                 349          -0.20207861
                 350          -0.17659838
                 351          -0.19567753
                 352           -0.2049185
                 353          -0.21503878
                 354          -0.21707906
                 355          -0.21699858
                 356          -0.22231749
                 357           -0.2121188
                 358          -0.24799804
                 359          -0.18595952
                 360          -0.20919804
                 361          -0.17067885
                 362          -0.19404009
                 363          -0.21379781
                 364          -0.22215898
                 365          -0.21771811
                 366          -0.21307896
                 367          -0.20275883
                 368          -0.22191875
                 369           -0.2141189
                 370           -0.1964791
                 371          -0.21439864
                 372           -0.2416788
                 373          -0.20199853
                 374          -0.18231894
                 375          -0.22519892
                 376          -0.21367842
                 377          -0.20695829
                 378          -0.21195865
                 379          -0.22771685
                 380          -0.22063711
                 381          -0.20887822
                 382          -0.21643873
                 383          -0.21755913
                 384          -0.21595836
                 385           -0.1945582
                 386          -0.22111836
                 387          -0.19875942
                 388          -0.21223848
                 389          -0.20787875
                 390          -0.20127872
                 391          -0.20567861
                 392          -0.20739926
                 393          -0.20887794
                 394          -0.25479677
                 395          -0.22059819
                 396          -0.20807832
                 397          -0.19307886
                 398           -0.2059999
                 399          -0.23835826
                 400           -0.1801189
                 401          -0.21511807
                 402           -0.1929184
                 403          -0.20195884
                 404          -0.19615918
                 405          -0.20523852
                 406          -0.21367832
                 407          -0.22887871
                 408          -0.20443852
                 409          -0.22279775
                 410          -0.22283892
                 411          -0.22671856
                 412          -0.21735801
                 413          -0.22783838
                 414          -0.19635884
                 415          -0.22395855
                 416           -0.2189585
                 417          -0.20871885
                 418          -0.21771763
                 419          -0.18743847
                 420            -0.206879
                 421          -0.21591933
                 422          -0.21771899
                 423          -0.19427837
                 424          -0.19563882
                 425          -0.17947954
                 426          -0.21879873
                 427          -0.20547856
                 428          -0.22895908
                 429          -0.18735878
                 430          -0.18707925
                 431          -0.20019829
                 432          -0.21487813
                 433          -0.25279903
                 434          -0.20551865
                 435           -0.2629981
                 436          -0.22391836
                 437          -0.18135977
                 438          -0.21151806
                 439           -0.2156792
                 440          -0.21039923
                 441          -0.22007774
                 442          -0.21147768
                 443          -0.20411831
                 444          -0.17639844
                 445          -0.20143819
                 446          -0.19819897
                 447          -0.21107827
                 448          -0.21023916
                 449          -0.20435904
                 450          -0.21667847
                 451          -0.21879844
                 452          -0.20711845
                 453          -0.21707866
                 454          -0.19639824
                 455          -0.19191846
                 456          -0.21379858
                 457           -0.1897185
                 458          -0.23363863
                 459          -0.23079833
                 460          -0.22579868
                 461           -0.2333585
                 462          -0.21379849
                 463           -0.2417586
                 464          -0.20215869
                 465          -0.20775831
                 466           -0.2189583
                 467          -0.23031875
                 468          -0.22931811
                 469          -0.20895742
                 470          -0.21823721
                 471          -0.22183789
                 472          -0.21019956
                 473          -0.23415859
                 474          -0.21115805
                 475          -0.20203882
                 476          -0.20563823
                 477          -0.23695849
                 478          -0.21283774
                 479          -0.20383896
                 480          -0.22607861
                 481          -0.19423857
                 482          -0.18559746
                 483          -0.19975859
                 484           -0.1862773
                 485           -0.2101185
                 486          -0.23091899
                 487          -0.21995854
                 488          -0.20455849
                 489          -0.19439854
                 490          -0.21455859
                 491          -0.21399873
                 492          -0.22135821
                 493          -0.20503789
                 494          -0.19215849
                 495          -0.21323824
                 496          -0.21167842
                 497          -0.22199766
                 498          -0.21995835
                 499          -0.22387749
                 500          -0.21191865
                 501          -0.18659829
                 502          -0.19451889
                 503          -0.20315845
                 504          -0.19615908
                 505          -0.22587837
                 506          -0.19527949
                 507           -0.2033188
                 508          -0.20327871
                 509          -0.19479786
                 510          -0.19527949
                 511          -0.19495879
                 512          -0.19199981
                 513          -0.19583876
                 514          -0.18955825
                 515          -0.20391826
                 516           -0.2374378
                 517          -0.21147886
                 518          -0.21827896
                 519          -0.20919815
                 520          -0.21743858
                 521          -0.22935937
                 522          -0.23211773
                 523          -0.21871817
                 524           -0.2205978
                 525          -0.23459692
                 526          -0.20771752
                 527          -0.19523853
                 528          -0.20623848
                 529          -0.23079833
                 530          -0.22167911
                 531          -0.20743887
                 532           -0.2009189
                 533           -0.2148789
                 534          -0.20947924
                 535          -0.21803746
                 536          -0.21443853
                 537          -0.20915873
                 538          -0.25115806
                 539          -0.20839834
                 540          -0.21107945
                 541          -0.20823906
                 542          -0.20795894
                 543          -0.22507857
                 544          -0.24027769
                 545          -0.19663818
                 546          -0.18911816
                 547          -0.18743858
                 548          -0.19987808
                 549          -0.20851782
                 550          -0.20675912
                 551          -0.21399902
                 552          -0.21667798
                 553          -0.20511797
                 554          -0.20863691
                 555           -0.2205185
                 556          -0.20395923
                 557          -0.22535831
                 558          -0.22371636
                 559          -0.24667719
                 560          -0.21119805
                 561          -0.16799843
                 562          -0.21723793
                 563           -0.2041982
                 564          -0.20291841
                 565          -0.18575966
                 566          -0.19431865
                 567          -0.22027817
                 568           -0.2173982
                 569          -0.21619858
                 570          -0.23471835
                 571          -0.19547856
                 572          -0.19683853
                 573          -0.20311807
                 574          -0.20463867
                 575          -0.21367851
                 576          -0.20479843
                 577          -0.19735733
                 578          -0.21231797
                 579          -0.23659751
                 580          -0.19803832
                 581           -0.2081188
                 582          -0.19875874
                 583          -0.23643754
                 584          -0.21595874
                 585          -0.20899937
                 586          -0.18095948
                 587          -0.22979829
                 588          -0.20939849
                 589          -0.21479863
                 590          -0.20451909
                 591          -0.22355874
                 592           -0.2145983
                 593           -0.2152791
                 594          -0.20923853
                 595          -0.21447949
                 596          -0.21123911
                 597          -0.23515776
                 598          -0.20279834
                 599           -0.2325584
                 600          -0.21943867
                 601          -0.22107837
                 602          -0.24279824
                 603           -0.2133186
                 604          -0.21659859
                 605          -0.19875816
                 606          -0.21627896
                 607          -0.18743907
                 608          -0.18719883
                 609          -0.20163862
                 610          -0.22655801
                 611           -0.2160791
                 612           -0.1837983
                 613          -0.23803754
                 614          -0.20919834
                 615          -0.17871758
                 616          -0.19967842
                 617          -0.21275777
                 618          -0.20911777
                 619          -0.21783848
                 620          -0.21271738
                 621          -0.24295859
                 622          -0.21051919
                 623          -0.23163804
                 624          -0.20635894
                 625          -0.19931743
                 626          -0.20107758
                 627          -0.21715893
                 628          -0.21267846
                 629          -0.22087716
                 630          -0.23439746
                 631          -0.21743818
                 632          -0.21871905
                 633          -0.18151914
                 634           -0.2037583
                 635          -0.20019947
                 636          -0.20311992
                 637           -0.2025189
                 638          -0.21535908
                 639          -0.20915894
                 640          -0.18715942
                 641          -0.20599835
                 642          -0.20839804
                 643          -0.22319844
                 644          -0.22831836
                 645          -0.19863848
                 646          -0.23951846
                 647          -0.20511827
                 648          -0.22739878
                 649          -0.21971899
                 650          -0.23315865
                 651          -0.20823789
                 652          -0.21039824
                 653          -0.20655811
                 654          -0.19475845
                 655          -0.22935908
                 656          -0.21167891
                 657          -0.23359853
                 658          -0.23519893
                 659            -0.208158
                 660          -0.21783917
                 661          -0.19719893
                 662           -0.2017187
                 663          -0.20124029
                 664          -0.21371929
                 665          -0.23683843
                 666          -0.21971802
                 667          -0.20247959
                 668          -0.23087861
                 669          -0.23067817
                 670          -0.20547895
                 671          -0.18123892
                 672          -0.19127832
                 673          -0.23071934
                 674          -0.21627797
                 675          -0.20531929
                 676          -0.22071865
                 677          -0.19875824
                 678          -0.23027886
                 679          -0.20147857
                 680          -0.22035855
                 681          -0.22759922
                 682          -0.21515913
                 683          -0.21239726
                 684           -0.2326771
                 685          -0.23291743
                 686          -0.19791739
                 687          -0.20879814
                 688          -0.20267759
                 689          -0.23035796
                 690           -0.2030378
                 691           -0.2121982
                 692          -0.24451773
                 693          -0.20591797
                 694          -0.22043853
                 695          -0.19179916
                 696          -0.18031885
                 697           -0.1874377
                 698          -0.21451773
                 699          -0.22787836
                 700          -0.18751915
                 701          -0.22667837
                 702          -0.18927851
                 703           -0.2273584
                 704          -0.22383799
                 705          -0.19819829
                 706          -0.18747866
                 707          -0.20911837
                 708          -0.20791836
                 709          -0.17711885
                 710          -0.20887764
                 711          -0.22811919
                 712          -0.23003979
                 713          -0.21287842
                 714          -0.20823906
                 715          -0.20499751
                 716          -0.21179849
                 717          -0.21035855
                 718          -0.22603843
                 719          -0.21955815
                 720          -0.21955894
                 721          -0.20323892
                 722          -0.19959942
                 723          -0.22139898
                 724          -0.20459887
                 725          -0.20715922
                 726          -0.20059849
                 727          -0.21571948
                 728           -0.2152788
                 729          -0.18623857
                 730          -0.19907896
                 731          -0.21495703
                 732          -0.18947798
                 733          -0.23995766
                 734          -0.20075864
                 735          -0.20347954
                 736          -0.20767862
                 737          -0.21123785
                 738          -0.22271816
                 739          -0.20311835
                 740          -0.20499916
                 741           -0.2104394
                 742          -0.20267886
                 743          -0.20783789
                 744          -0.19911875
                 745          -0.24119785
                 746          -0.20031728
                 747          -0.25319815
                 748           -0.1937581
                 749          -0.21323755
                 750          -0.18203872
                 751          -0.21839902
                 752          -0.23411782
                 753          -0.21511894
                 754          -0.20759824
                 755          -0.21327813
                 756          -0.22779839
                 757          -0.18043697
                 758          -0.20035845
                 759           -0.1976395
                 760          -0.21427867
                 761          -0.24535762
                 762          -0.18587925
                 763          -0.21627906
                 764           -0.2033976
                 765          -0.20663731
                 766          -0.19691753
                 767          -0.18499887
                 768          -0.20523784
                 769          -0.21847832
                 770          -0.19759814
                 771          -0.19635805
                 772          -0.22535878
                 773          -0.19231845
                 774          -0.21455801
                 775          -0.22919853
                 776          -0.22007851
                 777           -0.2037584
                 778          -0.21835972
                 779          -0.19699839
                 780          -0.20395873
                 781          -0.21767665
                 782          -0.23435757
                 783          -0.23507847
                 784          -0.19735859
                 785          -0.20795836
                 786          -0.19815986
                 787          -0.20003824
                 788          -0.21879873
                 789          -0.18163882
                 790          -0.23215801
                 791          -0.19503848
                 792          -0.20555963
                 793          -0.21547905
                 794          -0.17523921
                 795           -0.2128395
                 796          -0.22287832
                 797          -0.20683813
                 798          -0.19119951
                 799          -0.16795893
                 800          -0.19791895
                 801          -0.19307876
                 802          -0.22247891
                 803          -0.19179878
                 804          -0.20899819
                 805          -0.21871836
                 806          -0.20055899
                 807          -0.19887754
                 808          -0.20267807
                 809          -0.19439863
                 810          -0.22071885
                 811          -0.23591855
                 812            -0.246958
                 813          -0.22939654
                 814          -0.23843686
                 815          -0.23735751
                 816          -0.21211782
                 817          -0.23967734
                 818          -0.21879911
                 819          -0.19003823
                 820          -0.23963843
                 821          -0.23999815
                 822          -0.21215859
                 823          -0.19111913
                 824          -0.20127861
                 825          -0.22711816
                 826          -0.19919874
                 827          -0.21479961
                 828          -0.19131909
                 829          -0.21499752
                 830          -0.19031866
                 831          -0.23175859
                 832          -0.20831747
                 833          -0.21571782
                 834          -0.20059897
                 835          -0.23171772
                 836          -0.20879805
                 837          -0.21563794
                 838          -0.21939829
                 839          -0.23827827
                 840          -0.21287812
                 841          -0.20467886
                 842          -0.21207862
                 843          -0.20475845
                 844          -0.22203794
                 845          -0.21023828
                 846           -0.2041188
                 847          -0.19999737
                 848           -0.1969588
                 849          -0.18823799
                 850          -0.19431895
                 851          -0.20287833
                 852          -0.19035952
                 853          -0.20295888
                 854          -0.20507817
                 855          -0.19955796
                 856          -0.22287764
                 857           -0.2162376
                 858          -0.22783799
                 859          -0.18987808
                 860          -0.20415859
                 861          -0.18699859
                 862          -0.21943741
                 863          -0.21571802
                 864          -0.21527822
                 865            -0.208479
                 866          -0.18467876
                 867          -0.23863877
                 868          -0.20379917
                 869          -0.19115904
                 870          -0.18875864
                 871          -0.21999882
                 872          -0.22395913
                 873          -0.20071836
                 874          -0.21543838
                 875          -0.20379888
                 876          -0.19379975
                 877          -0.24363872
                 878          -0.21551827
                 879          -0.21775821
                 880          -0.22703935
                 881          -0.23827934
                 882            -0.215719
                 883          -0.20339867
                 884          -0.20779888
                 885          -0.20859908
                 886          -0.21699879
                 887          -0.20351817
                 888          -0.21743798
                 889          -0.21375839
                 890          -0.20623878
                 891          -0.22475787
                 892          -0.20383868
                 893          -0.22767803
                 894          -0.21163814
                 895           -0.2202379
                 896          -0.19623867
                 897          -0.21595767
                 898          -0.23871709
                 899          -0.21027836
                 900          -0.19235826
                 901           -0.2137185
                 902          -0.19939819
                 903          -0.21903799
                 904          -0.23039834
                 905          -0.20747925
                 906          -0.20163824
                 907          -0.20127861
                 908           -0.2140792
                 909          -0.20847851
                 910            -0.214479
                 911          -0.21475865
                 912          -0.22131909
                 913           -0.2172396
                 914           -0.2217582
                 915          -0.18387789
                 916          -0.23631749
                 917            -0.217279
                 918          -0.24355961
                 919          -0.19243804
                 920          -0.21483852
                 921          -0.20483902
                 922          -0.21123901
                 923          -0.20847812
                 924          -0.20647793
                 925          -0.20327763
                 926          -0.20511894
                 927          -0.22383741
                 928          -0.19971821
                 929          -0.21411832
                 930          -0.23815879
                 931          -0.20871826
                 932           -0.2067997
                 933          -0.20675825
                 934          -0.21915747
                 935          -0.20703867
                 936          -0.20975791
                 937           -0.2160794
                 938          -0.20595913
                 939           -0.2077979
                 940          -0.21591933
                 941          -0.20203862
                 942          -0.22307798
                 943          -0.22291811
                 944           -0.2120396
                 945          -0.21191767
                 946          -0.21559854
                 947          -0.21387905
                 948          -0.20519854
                 949          -0.18787934
                 950          -0.20239912
                 951          -0.20163931
                 952          -0.22379839
                 953          -0.19599843
                 954          -0.23107807
                 955          -0.22219838
                 956          -0.19287901
                 957          -0.21083882
                 958          -0.20487911
                 959          -0.20187798
                 960          -0.23859712
                 961          -0.20827895
                 962          -0.22391856
                 963          -0.19471894
                 964          -0.20971929
                 965          -0.21108033
                 966          -0.20183936
                 967          -0.18903916
                 968          -0.16255918
                 969          -0.19899897
                 970           -0.2136793
                 971          -0.21583848
                 972          -0.23315835
                 973          -0.24283725
                 974          -0.20399795
                 975          -0.22479805
                 976          -0.19536015
                 977          -0.22939868
                 978          -0.19379859
                 979          -0.21867827
                 980          -0.20807841
                 981          -0.22351807
                 982          -0.22075766
                 983            -0.196998
                 984          -0.19751817
                 985          -0.22543886
                 986          -0.21963775
                 987          -0.20127872
                 988          -0.23791757
                 989          -0.21963795
                 990          -0.17879805
                 991          -0.20507827
                 992          -0.18055859
                 993          -0.19683795
                 994          -0.20759815
                 995          -0.22027779
                 996          -0.21431787
                 997           -0.2257981
                 998          -0.19627973
                 999          -0.20243892
                1000          -0.21899907
