                   1               -0.124
                   2           -0.2240001
                   3         -0.039999999
                   4          -0.19599983
                   5          -0.10800001
                   6          -0.18800011
                   7          -0.25599992
                   8          -0.09600006
                   9          -0.10000002
                  10          -0.12800004
                  11          -0.09200003
                  12          -0.21199989
                  13          -0.23999985
                  14          -0.10400002
                  15          -0.14399998
                  16         -0.096000023
                  17               -0.116
                  18         -0.079999998
                  19          -0.11200001
                  20          0.055999983
                  21               -0.124
                  22         -0.079999998
                  23          0.011999994
                  24               -0.124
                  25          -0.24000016
                  26         -0.027999995
                  27          0.035999998
                  28        -0.0079999911
                  29          -0.16800003
                  30           -0.2680001
                  31          -0.10400002
                  32         -0.056000024
                  33         -0.055999983
                  34          -0.21600007
                  35          -0.10799997
                  36         -0.027999995
                  37          0.039999999
                  38                0.012
                  39          -0.25200003
                  40          -0.15199997
                  41          -0.24000016
                  42          -0.10799997
                  43          -0.13199998
                  44          -0.20000015
                  45          0.064000018
                  46          -0.18800011
                  47          -0.14799997
                  48         -0.068000011
                  49          -0.32000014
                  50         -0.019999996
                  51         -0.068000011
                  52          -0.16400002
                  53          -0.34799996
                  54          0.031999994
                  55          -0.25199988
                  56                 -0.2
                  57         -0.023999995
                  58                -0.28
                  59          0.032000005
                  60          -0.18400009
                  61                -0.16
                  62          -0.14399998
                  63          -0.13199998
                  64         -0.079999998
                  65               -0.124
                  66           0.12799999
                  67         -0.099999979
                  68         -0.031999998
                  69       -2.9802322e-10
                  70               -0.024
                  71         0.0040000002
                  72          0.011999991
                  73         -0.060000017
                  74       -2.9802322e-10
                  75         -0.028000034
                  76         -0.043999996
                  77         -0.079999961
                  78        -0.0079999994
                  79          -0.20799989
                  80       -2.9802322e-10
                  81           -0.1879998
                  82          -0.26400009
                  83                0.012
                  84          0.023999995
                  85         -0.076000005
                  86         -0.060000017
                  87          -0.23999999
                  88          0.072000004
                  89          0.035999998
                  90          -0.11599997
                  91                -0.16
                  92          -0.25999993
                  93          0.020000003
                  94        2.9802322e-10
                  95          -0.12800004
                  96          -0.18800011
                  97               -0.124
                  98         -0.079999998
                  99         -0.055999983
                 100         -0.011999991
                 101          -0.16400002
                 102          -0.17200005
                 103          -0.16400002
                 104         -0.023999995
                 105                -0.16
                 106         -0.076000005
                 107                0.012
                 108          -0.28400001
                 109          -0.11200001
                 110          -0.12399996
                 111          0.023999996
                 112         -0.091999985
                 113          -0.22799996
                 114          0.079999998
                 115          -0.19599998
                 116          -0.13999999
                 117          -0.20800003
                 118          -0.10400002
                 119                -0.16
                 120          -0.20400001
                 121          -0.21600007
                 122         -0.088000029
                 123          0.095999986
                 124               -0.012
                 125         -0.099999979
                 126                -0.12
                 127           0.05199999
                 128          -0.12399996
                 129               -0.124
                 130          -0.13999999
                 131           -0.2280001
                 132          -0.10399998
                 133          0.040000007
                 134           -0.2240001
                 135          0.087999992
                 136          -0.22399993
                 137          -0.09200003
                 138          -0.21999992
                 139         0.0039999988
                 140          0.043999996
                 141          -0.11599997
                 142          -0.12399996
                 143          -0.16400002
                 144          -0.14800002
                 145           0.12799999
                 146         -0.011999998
                 147          -0.13199998
                 148          -0.31599998
                 149          -0.16400002
                 150          0.055999983
                 151         -0.087999992
                 152          -0.18000008
                 153         -0.087999992
                 154          -0.18400006
                 155          -0.19599998
                 156          -0.15599996
                 157                -0.12
                 158         -0.019999992
                 159                 0.02
                 160          -0.11200001
                 161         -0.028000005
                 162         -0.083999999
                 163               -0.156
                 164         -0.063999981
                 165          -0.16800003
                 166        -0.0039999997
                 167          0.015999999
                 168         -0.083999999
                 169         -0.064000018
                 170          0.099999979
                 171        2.9802322e-10
                 172         -0.052000027
                 173          0.011999991
                 174          -0.19200012
                 175          -0.19599998
                 176          -0.31200013
                 177         -0.055999983
                 178          -0.25600007
                 179          -0.17199989
                 180          -0.14799997
                 181          0.023999995
                 182               -0.168
                 183          -0.10399998
                 184          -0.18400009
                 185           0.13599998
                 186           -0.2280001
                 187         -0.083999962
                 188          -0.21200004
                 189         -0.039999999
                 190         -0.039999999
                 191          -0.16400002
                 192          -0.15200001
                 193         -0.076000042
                 194          -0.26399994
                 195          0.011999999
                 196               -0.156
                 197          -0.16800003
                 198         -0.035999998
                 199          -0.29200006
                 200          -0.13999999
                 201         -0.027999995
                 202         -0.036000036
                 203         -0.040000036
                 204         -0.044000033
                 205          -0.12799989
                 206         -0.083999999
                 207         -0.020000003
                 208         -0.047999993
                 209         -0.056000024
                 210          0.016000001
                 211                -0.02
                 212          -0.17600003
                 213          -0.26400009
                 214          -0.15999997
                 215               -0.012
                 216         -0.095999986
                 217         -0.024000004
                 218         -0.044000033
                 219          0.055999983
                 220           -0.2680001
                 221          -0.18400009
                 222          -0.13200003
                 223         -0.023999995
                 224         -0.043999996
                 225          -0.10000002
                 226          -0.12800004
                 227         -0.087999992
                 228           0.18000008
                 229          -0.17600006
                 230         -0.027999995
                 231          -0.15200001
                 232          -0.13599998
                 233         -0.039999999
                 234                -0.02
                 235          0.011999994
                 236           0.13199998
                 237         -0.056000024
                 238          -0.11200001
                 239          -0.13599998
                 240         -0.091999948
                 241         -0.091999985
                 242         -0.083999999
                 243         -0.047999993
                 244                -0.16
                 245         -0.072000004
                 246         -0.040000036
                 247        2.9802322e-10
                 248          -0.19599998
                 249          0.052000027
                 250         -0.075999968
                 251         -0.091999985
                 252         -0.067999974
                 253                 -0.2
                 254        -0.0079999994
                 255         -0.028000005
                 256          -0.05999998
                 257         -0.083999999
                 258         0.0080000004
                 259          -0.17600006
                 260          0.083999999
                 261          -0.10799997
                 262         -0.087999992
                 263          -0.13999999
                 264         -0.063999981
                 265          -0.23200013
                 266         -0.016000001
                 267          -0.14000002
                 268          -0.22799996
                 269          -0.13200003
                 270          -0.12799999
                 271          -0.13199998
                 272          0.056000024
                 273          -0.20000015
                 274          -0.18000008
                 275          -0.10400002
                 276          -0.13600002
                 277          -0.09200003
                 278         -0.052000027
                 279        -0.0079999911
                 280         0.0039999937
                 281          -0.23600014
                 282          -0.10400002
                 283          -0.18799995
                 284         -0.072000004
                 285         -0.064000018
                 286         0.0080000004
                 287         -0.087999992
                 288          -0.23999985
                 289                0.012
                 290         -0.088000029
                 291         -0.084000036
                 292          -0.27199996
                 293          -0.13600002
                 294          -0.14799987
                 295          -0.23600014
                 296          0.019999992
                 297          0.032000002
                 298         -0.011999991
                 299          0.028000005
                 300                 -0.2
                 301          -0.15999986
                 302          -0.20800003
                 303         -0.039999999
                 304          0.023999995
                 305          -0.30400008
                 306         -0.091999985
                 307          -0.10800001
                 308                 0.02
                 309         -0.076000005
                 310          -0.14400001
                 311         -0.040000007
                 312          -0.17999992
                 313         -0.083999999
                 314          -0.16800003
                 315          -0.14400001
                 316         -0.016000001
                 317          -0.15200001
                 318          -0.21200019
                 319         0.0039999913
                 320          -0.26400009
                 321        -0.0039999997
                 322          0.036000002
                 323          -0.18800011
                 324          -0.16400002
                 325                -0.16
                 326          -0.17999992
                 327        -0.0080000004
                 328          -0.09200003
                 329          -0.12000003
                 330          0.047999993
                 331          -0.14000002
                 332          -0.14400001
                 333          -0.31599998
                 334          0.055999983
                 335          -0.34000006
                 336           -0.2240001
                 337               -0.156
                 338          -0.20800003
                 339         -0.076000005
                 340       -2.9802322e-10
                 341         -0.063999981
                 342          -0.10800001
                 343          -0.04800003
                 344          -0.21200004
                 345          -0.30800012
                 346          -0.14799997
                 347          -0.26400009
                 348           -0.2240001
                 349          0.035999998
                 350          -0.15599996
                 351         -0.079999998
                 352           0.05999998
                 353          -0.11200001
                 354          -0.30800012
                 355          -0.18400009
                 356         0.0080000004
                 357       -1.4901161e-09
                 358          -0.12400004
                 359           0.13199998
                 360          0.056000024
                 361         -0.023999995
                 362          0.068000011
                 363          -0.17200005
                 364         -0.099999979
                 365         0.0079999911
                 366          -0.17199989
                 367          -0.19600014
                 368          -0.23599999
                 369                -0.12
                 370           -0.2240001
                 371          -0.17199989
                 372       -2.9802322e-10
                 373          -0.14800002
                 374         -0.015999991
                 375                -0.12
                 376         -0.091999985
                 377        -0.0039999997
                 378          0.067999974
                 379         -0.055999983
                 380         -0.060000017
                 381           -0.2240001
                 382          -0.24400002
                 383          -0.41200021
                 384          -0.16800003
                 385         -0.087999992
                 386         -0.083999999
                 387          -0.26400009
                 388          0.027999995
                 389          -0.17200005
                 390          -0.18000008
                 391         -0.060000017
                 392          0.091999985
                 393          -0.28400001
                 394          -0.21200004
                 395        -0.0079999911
                 396         -0.056000024
                 397         -0.043999996
                 398          -0.25199988
                 399          -0.18000008
                 400         -0.047999993
                 401          -0.29200006
                 402          -0.11200001
                 403         -0.027999995
                 404          -0.17599991
                 405               -0.116
                 406          0.068000011
                 407                -0.16
                 408          -0.19200012
                 409          0.076000005
                 410         -0.095999986
                 411         -0.027999995
                 412          -0.20400001
                 413          -0.10800001
                 414          -0.15999997
                 415         -0.039999999
                 416         -0.072000004
                 417         -0.016000001
                 418          -0.15199998
                 419          -0.17999992
                 420           -0.2159999
                 421         0.0079999994
                 422          -0.16800003
                 423          -0.13599998
                 424          -0.16800003
                 425                -0.16
                 426          -0.21600007
                 427          0.095999986
                 428         -0.039999999
                 429         -0.095999986
                 430         -0.076000005
                 431         -0.015999999
                 432          -0.30000022
                 433          -0.15200001
                 434         -0.096000023
                 435          -0.17200005
                 436         -0.047999993
                 437          -0.10399998
                 438          -0.20800003
                 439         -0.031999994
                 440         -0.076000005
                 441          -0.11199997
                 442          -0.31199998
                 443          -0.26400009
                 444               -0.156
                 445         -0.067999974
                 446         -0.096000023
                 447           0.18400009
                 448          -0.19599998
                 449           0.10400002
                 450          -0.31599998
                 451          -0.19199997
                 452         -0.056000024
                 453         -0.023999995
                 454         -0.027999995
                 455          -0.14400001
                 456          0.024000004
                 457          -0.19200012
                 458          -0.12799999
                 459         -0.087999992
                 460         -0.087999992
                 461         -0.063999981
                 462          -0.11999996
                 463         -0.083999999
                 464          -0.32400018
                 465          0.095999986
                 466          -0.10400002
                 467         -0.071999967
                 468           0.10800001
                 469        -0.0040000002
                 470         -0.020000003
                 471          -0.05999998
                 472         -0.068000011
                 473               -0.116
                 474          -0.14400001
                 475          -0.21200004
                 476          -0.14000002
                 477         -0.039999999
                 478          -0.10400002
                 479        2.9802322e-10
                 480          -0.19200012
                 481               -0.156
                 482          -0.13199998
                 483         -0.052000027
                 484          0.095999986
                 485          -0.10400002
                 486          0.076000005
                 487         -0.035999998
                 488          0.027999995
                 489          -0.16399997
                 490         -0.079999998
                 491          -0.14799994
                 492          -0.20000015
                 493          -0.34000006
                 494               -0.116
                 495          0.083999999
                 496          -0.10800001
                 497         -0.016000001
                 498         -0.076000005
                 499         -0.060000017
                 500           0.16800003
                 501                -0.02
                 502         -0.016000001
                 503          -0.11199997
                 504          -0.19600014
                 505          -0.12799996
                 506          -0.20800003
                 507          -0.11200001
                 508         -0.091999985
                 509          -0.39200011
                 510         -0.055999983
                 511          -0.20800018
                 512          -0.05999998
                 513         -0.076000005
                 514         -0.067999974
                 515           0.10000002
                 516          -0.17600006
                 517          -0.10799997
                 518          -0.14400001
                 519                0.124
                 520          -0.30800012
                 521         -0.035999998
                 522          -0.18400009
                 523         -0.016000001
                 524         -0.067999974
                 525         -0.076000005
                 526         -0.015999991
                 527          -0.13200003
                 528          -0.18400009
                 529          -0.20400001
                 530          -0.26400009
                 531          0.027999995
                 532         -0.043999996
                 533         -0.083999999
                 534          -0.10000002
                 535          -0.17600006
                 536          0.039999999
                 537         -0.064000055
                 538          -0.24800003
                 539          -0.11599997
                 540          0.035999998
                 541           -0.2159999
                 542          0.060000017
                 543          0.023999995
                 544           -0.2800003
                 545               -0.168
                 546          -0.18800011
                 547          -0.24800003
                 548          -0.30399993
                 549          0.043999996
                 550          -0.19199997
                 551          -0.22799996
                 552          -0.14800002
                 553          -0.17600006
                 554         -0.039999999
                 555         -0.087999992
                 556               -0.116
                 557               -0.116
                 558         -0.091999985
                 559          -0.11599997
                 560         -0.095999986
                 561          -0.25599992
                 562          0.027999997
                 563          -0.15599996
                 564         -0.011999991
                 565          -0.18000008
                 566         -0.056000024
                 567          0.019999992
                 568          -0.17600006
                 569          0.080000035
                 570          -0.13199995
                 571               -0.324
                 572          0.043999996
                 573         -0.056000024
                 574                -0.16
                 575         -0.016000001
                 576          -0.18400009
                 577          -0.21200004
                 578          -0.09200003
                 579         -0.043999996
                 580                0.116
                 581         -0.031999994
                 582          0.027999995
                 583               -0.116
                 584          -0.14800002
                 585          -0.27599984
                 586          0.064000018
                 587          -0.16400002
                 588          -0.18800011
                 589          -0.09200003
                 590          -0.14799997
                 591        -0.0079999911
                 592          -0.25199988
                 593         -0.099999979
                 594          -0.10399998
                 595         -0.019999992
                 596          0.063999981
                 597       -2.9802322e-10
                 598          -0.14799997
                 599          -0.24800019
                 600          -0.18800011
                 601           0.10399998
                 602          0.047999993
                 603          0.047999993
                 604         -0.088000029
                 605          -0.16400002
                 606          -0.05199999
                 607         -0.091999985
                 608         -0.068000011
                 609         -0.039999999
                 610         -0.088000029
                 611          0.087999992
                 612          -0.15599996
                 613         -0.023999995
                 614          -0.24799988
                 615         -0.084000036
                 616                -0.16
                 617          -0.15199986
                 618          0.031999994
                 619         -0.079999998
                 620          -0.24800003
                 621          -0.18399994
                 622                -0.16
                 623          -0.16400002
                 624          -0.23999999
                 625         -0.088000029
                 626         -0.016000001
                 627               -0.124
                 628          -0.19599998
                 629         -0.015999991
                 630           -0.2240001
                 631         -0.031999994
                 632         -0.083999999
                 633          0.063999981
                 634         -0.091999985
                 635          -0.24400002
                 636           0.11200001
                 637         -0.011999994
                 638         -0.027999995
                 639          -0.12400004
                 640         -0.035999998
                 641          -0.13599998
                 642        -0.0080000004
                 643           0.13199998
                 644               -0.156
                 645          -0.23599999
                 646         -0.023999995
                 647                -0.12
                 648          0.099999979
                 649         -0.083999999
                 650          -0.13999999
                 651          0.016000001
                 652          -0.28400001
                 653          -0.21200004
                 654          -0.18400009
                 655          -0.18400009
                 656         -0.040000007
                 657          -0.18400009
                 658          -0.14399999
                 659          -0.21600007
                 660          0.060000017
                 661               -0.124
                 662          -0.15200001
                 663          -0.11200001
                 664          -0.10399998
                 665          -0.13599998
                 666          -0.18000008
                 667          -0.18400009
                 668         -0.091999985
                 669          -0.18400009
                 670          -0.14399998
                 671               -0.156
                 672          -0.16399997
                 673          -0.28800002
                 674          -0.13599998
                 675         -0.095999986
                 676          -0.13199995
                 677                -0.16
                 678           0.05999998
                 679        2.9802322e-10
                 680          0.031999994
                 681         -0.063999981
                 682          0.076000005
                 683          -0.22399993
                 684           0.16399997
                 685         -0.063999981
                 686          -0.05199999
                 687          -0.12799996
                 688          -0.10000002
                 689                 -0.2
                 690         -0.067999974
                 691          -0.10400002
                 692          0.011999991
                 693         -0.083999962
                 694          0.024000004
                 695          -0.13999999
                 696          -0.16399997
                 697         -0.087999992
                 698          -0.28000015
                 699           -0.3320002
                 700         -0.035999998
                 701          0.072000004
                 702         -0.023999996
                 703         -0.015999995
                 704          0.055999983
                 705          -0.17600003
                 706          -0.36800018
                 707          -0.14000002
                 708         -0.087999992
                 709         -0.068000011
                 710         -0.011999999
                 711          0.095999986
                 712         -0.063999981
                 713         -0.036000002
                 714          0.011999994
                 715          -0.15199997
                 716          -0.05199999
                 717          -0.18000008
                 718         -0.087999992
                 719               -0.156
                 720          -0.23999985
                 721         -0.095999986
                 722                 0.02
                 723        -0.0040000002
                 724          0.011999999
                 725       -2.9802322e-10
                 726                 -0.2
                 727         -0.043999996
                 728         -0.083999999
                 729          -0.31599998
                 730         -0.056000024
                 731         -0.072000004
                 732          0.035999998
                 733          -0.10399998
                 734         -0.020000003
                 735         -0.019999992
                 736          -0.20800003
                 737          -0.24000016
                 738          0.011999999
                 739         -0.072000004
                 740          0.032000002
                 741          0.020000003
                 742         -0.079999998
                 743          -0.05199999
                 744          -0.35599998
                 745         -0.091999948
                 746          -0.30800027
                 747          -0.24800003
                 748          0.016000001
                 749         -0.056000024
                 750         0.0080000004
                 751          -0.17600006
                 752          -0.33200005
                 753           -0.2880002
                 754         -0.019999992
                 755          -0.11599997
                 756          -0.11599997
                 757          -0.24400017
                 758          -0.16800003
                 759          0.036000006
                 760         -0.027999995
                 761          0.076000005
                 762                 0.02
                 763          -0.21600007
                 764          -0.20400017
                 765          -0.23600014
                 766         -0.043999996
                 767               -0.124
                 768          -0.16800003
                 769         -0.047999993
                 770          -0.12800004
                 771          -0.24399987
                 772          0.071999967
                 773           0.11200001
                 774          0.011999999
                 775         -0.080000035
                 776          -0.13599998
                 777          -0.21200004
                 778          -0.16799988
                 779         -0.031999994
                 780         -0.035999998
                 781          -0.23999999
                 782         -0.076000005
                 783         -0.087999992
                 784          0.055999983
                 785         -0.072000004
                 786         -0.084000036
                 787         -0.064000018
                 788          0.015999991
                 789          -0.17200005
                 790          0.031999994
                 791         -0.016000001
                 792          -0.26399994
                 793         -0.039999999
                 794          -0.18000004
                 795          0.068000011
                 796         -0.040000036
                 797        -0.0040000002
                 798          -0.28400016
                 799         0.0040000002
                 800         -0.043999996
                 801         -0.068000011
                 802         -0.079999998
                 803                -0.02
                 804         -0.083999999
                 805         -0.099999979
                 806          -0.29600006
                 807                -0.16
                 808           0.09200003
                 809         -0.091999985
                 810         -0.060000017
                 811         -0.035999998
                 812           -0.2920002
                 813         -0.076000005
                 814           0.05199999
                 815         -0.039999999
                 816          -0.10799997
                 817          -0.28000015
                 818          -0.33600006
                 819          -0.30400008
                 820           -0.2280001
                 821          -0.13999999
                 822          -0.13200003
                 823          -0.13199998
                 824               -0.124
                 825          -0.32000014
                 826           0.05199999
                 827         -0.083999999
                 828         -0.075999968
                 829                -0.12
                 830          -0.24000016
                 831          -0.10800001
                 832          0.083999999
                 833          -0.18399994
                 834          -0.26399994
                 835          -0.18799995
                 836         -0.068000011
                 837          -0.16399997
                 838          -0.13199998
                 839         -0.095999986
                 840          -0.10799997
                 841         -0.016000001
                 842               -0.124
                 843          -0.15999997
                 844          0.079999998
                 845          -0.20799989
                 846                0.012
                 847         -0.027999995
                 848         -0.020000003
                 849          -0.18800011
                 850          -0.18400009
                 851        -0.0079999994
                 852          -0.13999994
                 853          0.031999994
                 854          -0.23999999
                 855          0.096000023
                 856         -0.028000005
                 857          -0.19600014
                 858          -0.26000008
                 859          -0.10400002
                 860          -0.11599997
                 861         -0.047999993
                 862          -0.20800003
                 863          -0.17200005
                 864          0.039999999
                 865         -0.079999998
                 866                -0.16
                 867         -0.032000005
                 868           0.04800003
                 869         -0.076000005
                 870         -0.064000018
                 871          0.083999962
                 872          -0.20400001
                 873         0.0039999997
                 874         -0.079999998
                 875         -0.040000007
                 876         -0.067999974
                 877          -0.13199998
                 878         -0.016000001
                 879         -0.099999979
                 880          -0.17199989
                 881                -0.28
                 882         -0.016000001
                 883          0.035999998
                 884          -0.15199998
                 885          -0.21200019
                 886          -0.05199999
                 887           0.05199999
                 888                0.044
                 889         -0.079999998
                 890          0.060000017
                 891          0.043999996
                 892           0.15200001
                 893          0.068000011
                 894          -0.14800002
                 895         -0.043999996
                 896          -0.19200012
                 897          0.079999998
                 898         -0.071999967
                 899          -0.22000007
                 900          -0.15999997
                 901          0.076000005
                 902          -0.13999999
                 903          -0.20800003
                 904          -0.31200013
                 905          -0.22000022
                 906          -0.30800027
                 907         -0.067999974
                 908          -0.16800003
                 909          -0.24400002
                 910           0.10800001
                 911        -0.0080000004
                 912          0.036000002
                 913         -0.091999985
                 914          -0.23600014
                 915          -0.11199997
                 916          -0.36000016
                 917          -0.30400008
                 918         -0.076000042
                 919                -0.16
                 920          0.079999998
                 921          -0.10400002
                 922         -0.091999948
                 923          -0.13999999
                 924          -0.21200004
                 925          0.068000011
                 926          -0.14399998
                 927          -0.21600007
                 928         -0.087999992
                 929         0.0039999937
                 930          -0.16400002
                 931                -0.12
                 932         -0.095999986
                 933                -0.16
                 934          -0.34800011
                 935        -0.0079999994
                 936         -0.020000003
                 937         -0.099999979
                 938          -0.13199998
                 939          -0.25200003
                 940          0.056000024
                 941         -0.031999994
                 942         -0.072000004
                 943          -0.23199996
                 944         -0.084000036
                 945          -0.20400001
                 946               -0.116
                 947          -0.21600007
                 948         0.0040000002
                 949         -0.091999985
                 950       -2.9802322e-10
                 951         -0.095999949
                 952         -0.076000005
                 953        -0.0079999939
                 954          -0.15200001
                 955         -0.039999999
                 956         -0.080000035
                 957          0.020000003
                 958         -0.052000027
                 959          -0.14799999
                 960          -0.20400001
                 961          -0.21200004
                 962          -0.20400017
                 963          -0.18400009
                 964               -0.012
                 965         -0.067999974
                 966          -0.14399998
                 967          -0.10399998
                 968          -0.34800011
                 969          -0.20400001
                 970         -0.091999985
                 971           0.05199999
                 972          0.063999981
                 973         -0.099999979
                 974          -0.12799999
                 975           0.09200003
                 976          -0.19599998
                 977         -0.091999985
                 978          -0.22000007
                 979                0.024
                 980          -0.13199995
                 981          -0.23600014
                 982          -0.12799999
                 983           -0.2240001
                 984          0.075999968
                 985          -0.29199991
                 986         -0.087999992
                 987          -0.11199997
                 988          0.047999993
                 989        2.9802322e-10
                 990          -0.21199989
                 991         -0.015999991
                 992                 -0.2
                 993         -0.067999974
                 994               -0.012
                 995          -0.05199999
                 996          -0.10400002
                 997         -0.091999985
                 998          -0.16800003
                 999          -0.14400001
                1000          0.035999998
