                   1            -1.204307
                   2            -1.674248
                   3           -1.8586785
                   4           -1.9579425
                   5           -2.0208986
                   6           -2.0647275
                   7            -2.097991
                   8           -2.1220641
                   9           -2.1382415
                  10           -2.1498389
                  11           -2.1588869
                  12           -2.1655746
                  13           -2.1712515
                  14            -2.175931
                  15           -2.1785049
                  16           -2.1808026
                  17           -2.1826241
                  18           -2.1838455
                  19           -2.1850541
                  20           -2.1859331
                  21           -2.1864541
                  22           -2.1868441
                  23            -2.187063
                  24           -2.1872256
                  25           -2.1873014
                  26           -2.1873136
                  27           -2.1873965
                  28           -2.1874664
                  29           -2.1874664
                  30              -2.1875
                  31           -2.1874664
                  32            -2.187433
                  33           -2.1874664
                  34            -2.187433
                  35           -2.1874664
                  36           -2.1874664
                  37              -2.1875
                  38              -2.1875
                  39           -2.1874664
                  40              -2.1875
                  41            -2.187433
                  42              -2.1875
                  43              -2.1875
                  44           -2.1874664
                  45           -2.1874664
                  46           -2.1874664
                  47           -2.1874664
                  48           -2.1873994
                  49              -2.1875
                  50           -2.1874664
                  51              -2.1875
                  52              -2.1875
                  53              -2.1875
                  54              -2.1875
                  55           -2.1874664
                  56           -2.1874664
                  57              -2.1875
                  58           -2.1874664
                  59           -2.1874664
                  60           -2.1874664
                  61           -2.1874664
                  62           -2.1874664
                  63              -2.1875
                  64           -2.1874664
                  65           -2.1874664
                  66              -2.1875
                  67              -2.1875
                  68            -2.187433
                  69            -2.187433
                  70           -2.1874664
                  71              -2.1875
                  72              -2.1875
                  73            -2.187433
                  74              -2.1875
                  75           -2.1873324
                  76            -2.187433
                  77              -2.1875
                  78           -2.1873994
                  79           -2.1874664
                  80              -2.1875
                  81              -2.1875
                  82           -2.1874664
                  83              -2.1875
                  84            -2.187433
                  85            -2.187366
                  86           -2.1874664
                  87            -2.187433
                  88           -2.1874664
                  89              -2.1875
                  90           -2.1874664
                  91           -2.1873324
                  92              -2.1875
                  93              -2.1875
                  94            -2.187433
                  95              -2.1875
                  96            -2.187433
                  97              -2.1875
                  98            -2.187433
                  99           -2.1874664
                 100           -2.1874664
                 101           -2.1874664
                 102              -2.1875
                 103              -2.1875
                 104              -2.1875
                 105              -2.1875
                 106           -2.1874664
                 107              -2.1875
                 108           -2.1874664
                 109           -2.1874664
                 110           -2.1873994
                 111           -2.1874664
                 112            -2.187433
                 113              -2.1875
                 114           -2.1874664
                 115              -2.1875
                 116              -2.1875
                 117              -2.1875
                 118              -2.1875
                 119              -2.1875
                 120           -2.1874664
                 121              -2.1875
                 122           -2.1874664
                 123           -2.1874664
                 124           -2.1874664
                 125           -2.1874664
                 126              -2.1875
                 127              -2.1875
                 128            -2.187433
                 129              -2.1875
                 130              -2.1875
                 131              -2.1875
                 132           -2.1874664
                 133           -2.1874664
                 134           -2.1874664
                 135           -2.1874664
                 136              -2.1875
                 137           -2.1874664
                 138           -2.1874664
                 139           -2.1874664
                 140              -2.1875
                 141              -2.1875
                 142              -2.1875
                 143              -2.1875
                 144              -2.1875
                 145           -2.1874664
                 146              -2.1875
                 147              -2.1875
                 148              -2.1875
                 149           -2.1874664
                 150              -2.1875
                 151              -2.1875
                 152            -2.187433
                 153              -2.1875
                 154              -2.1875
                 155           -2.1874664
                 156              -2.1875
                 157              -2.1875
                 158           -2.1874664
                 159           -2.1874664
                 160           -2.1874664
                 161           -2.1874664
                 162              -2.1875
                 163           -2.1874664
                 164            -2.187433
                 165              -2.1875
                 166              -2.1875
                 167              -2.1875
                 168              -2.1875
                 169              -2.1875
                 170              -2.1875
                 171           -2.1874664
                 172              -2.1875
                 173           -2.1873994
                 174           -2.1874664
                 175              -2.1875
                 176           -2.1874664
                 177            -2.187433
                 178              -2.1875
                 179           -2.1874664
                 180            -2.187433
                 181              -2.1875
                 182           -2.1874664
                 183           -2.1874664
                 184           -2.1874664
                 185           -2.1874664
                 186              -2.1875
                 187              -2.1875
                 188              -2.1875
                 189            -2.187433
                 190              -2.1875
                 191           -2.1874664
                 192           -2.1874664
                 193           -2.1874664
                 194              -2.1875
                 195           -2.1874664
                 196              -2.1875
                 197              -2.1875
                 198           -2.1874664
                 199           -2.1874664
                 200           -2.1874664
                 201            -2.187433
                 202           -2.1874664
                 203            -2.187433
                 204           -2.1874664
                 205            -2.187433
                 206           -2.1874664
                 207              -2.1875
                 208           -2.1874664
                 209              -2.1875
                 210              -2.1875
                 211           -2.1874664
                 212              -2.1875
                 213              -2.1875
                 214           -2.1874664
                 215              -2.1875
                 216           -2.1874664
                 217              -2.1875
                 218              -2.1875
                 219              -2.1875
                 220           -2.1874664
                 221              -2.1875
                 222              -2.1875
                 223           -2.1874664
                 224           -2.1874664
                 225              -2.1875
                 226              -2.1875
                 227           -2.1874664
                 228           -2.1874664
                 229           -2.1874664
                 230           -2.1874664
                 231            -2.187433
                 232              -2.1875
                 233           -2.1874664
                 234           -2.1873994
                 235            -2.187433
                 236              -2.1875
                 237              -2.1875
                 238           -2.1874664
                 239           -2.1874664
                 240              -2.1875
                 241           -2.1874664
                 242              -2.1875
                 243           -2.1874664
                 244           -2.1874664
                 245           -2.1874664
                 246              -2.1875
                 247              -2.1875
                 248              -2.1875
                 249              -2.1875
                 250              -2.1875
                 251            -2.187433
                 252           -2.1874664
                 253            -2.187366
                 254           -2.1874664
                 255              -2.1875
                 256              -2.1875
                 257              -2.1875
                 258              -2.1875
                 259           -2.1874664
                 260           -2.1874664
                 261              -2.1875
                 262           -2.1874664
                 263           -2.1874664
                 264           -2.1874664
                 265              -2.1875
                 266            -2.187433
                 267           -2.1874664
                 268           -2.1874664
                 269            -2.187433
                 270            -2.187433
                 271              -2.1875
                 272           -2.1874664
                 273              -2.1875
                 274           -2.1874664
                 275              -2.1875
                 276           -2.1874664
                 277              -2.1875
                 278              -2.1875
                 279              -2.1875
                 280              -2.1875
                 281           -2.1874664
                 282              -2.1875
                 283              -2.1875
                 284              -2.1875
                 285            -2.187366
                 286           -2.1873994
                 287           -2.1874664
                 288              -2.1875
                 289           -2.1874664
                 290           -2.1874664
                 291           -2.1874664
                 292              -2.1875
                 293           -2.1874664
                 294              -2.1875
                 295              -2.1875
                 296              -2.1875
                 297            -2.187366
                 298           -2.1874664
                 299            -2.187433
                 300              -2.1875
                 301           -2.1874664
                 302              -2.1875
                 303              -2.1875
                 304            -2.187433
                 305              -2.1875
                 306              -2.1875
                 307              -2.1875
                 308              -2.1875
                 309           -2.1874664
                 310           -2.1874664
                 311              -2.1875
                 312            -2.187299
                 313              -2.1875
                 314            -2.187433
                 315            -2.187433
                 316            -2.187433
                 317              -2.1875
                 318              -2.1875
                 319            -2.187433
                 320              -2.1875
                 321              -2.1875
                 322              -2.1875
                 323           -2.1874664
                 324              -2.1875
                 325           -2.1874664
                 326            -2.187433
                 327            -2.187433
                 328           -2.1874664
                 329              -2.1875
                 330              -2.1875
                 331            -2.187433
                 332              -2.1875
                 333           -2.1874664
                 334              -2.1875
                 335              -2.1875
                 336           -2.1874664
                 337              -2.1875
                 338              -2.1875
                 339           -2.1873994
                 340           -2.1874664
                 341              -2.1875
                 342              -2.1875
                 343           -2.1874664
                 344           -2.1874664
                 345           -2.1874664
                 346              -2.1875
                 347              -2.1875
                 348           -2.1874664
                 349              -2.1875
                 350           -2.1874664
                 351           -2.1874664
                 352              -2.1875
                 353           -2.1874664
                 354           -2.1874664
                 355              -2.1875
                 356           -2.1873994
                 357              -2.1875
                 358           -2.1874664
                 359           -2.1874664
                 360              -2.1875
                 361              -2.1875
                 362            -2.187433
                 363            -2.187433
                 364              -2.1875
                 365              -2.1875
                 366           -2.1874664
                 367           -2.1874664
                 368           -2.1874664
                 369           -2.1874664
                 370              -2.1875
                 371              -2.1875
                 372              -2.1875
                 373           -2.1874664
                 374              -2.1875
                 375              -2.1875
                 376            -2.187433
                 377              -2.1875
                 378              -2.1875
                 379            -2.187433
                 380            -2.187433
                 381           -2.1874664
                 382           -2.1874664
                 383           -2.1874664
                 384           -2.1874664
                 385           -2.1874664
                 386              -2.1875
                 387           -2.1874664
                 388           -2.1874664
                 389              -2.1875
                 390              -2.1875
                 391           -2.1874664
                 392              -2.1875
                 393              -2.1875
                 394              -2.1875
                 395              -2.1875
                 396              -2.1875
                 397           -2.1873994
                 398            -2.187366
                 399              -2.1875
                 400              -2.1875
                 401           -2.1874664
                 402           -2.1874664
                 403              -2.1875
                 404              -2.1875
                 405           -2.1874664
                 406              -2.1875
                 407              -2.1875
                 408              -2.1875
                 409              -2.1875
                 410              -2.1875
                 411              -2.1875
                 412              -2.1875
                 413           -2.1874664
                 414              -2.1875
                 415            -2.187433
                 416           -2.1874664
                 417           -2.1874664
                 418            -2.187433
                 419              -2.1875
                 420              -2.1875
                 421           -2.1874664
                 422              -2.1875
                 423           -2.1873994
                 424            -2.187433
                 425              -2.1875
                 426           -2.1874664
                 427              -2.1875
                 428              -2.1875
                 429              -2.1875
                 430           -2.1874664
                 431            -2.187433
                 432              -2.1875
                 433           -2.1874664
                 434              -2.1875
                 435            -2.187433
                 436              -2.1875
                 437              -2.1875
                 438              -2.1875
                 439            -2.187433
                 440            -2.187433
                 441            -2.187433
                 442           -2.1874664
                 443              -2.1875
                 444            -2.187433
                 445           -2.1874664
                 446              -2.1875
                 447           -2.1874664
                 448              -2.1875
                 449            -2.187433
                 450              -2.1875
                 451           -2.1874664
                 452           -2.1873994
                 453           -2.1873994
                 454           -2.1874664
                 455           -2.1874664
                 456              -2.1875
                 457           -2.1874664
                 458              -2.1875
                 459           -2.1874664
                 460            -2.187433
                 461              -2.1875
                 462           -2.1874664
                 463            -2.187433
                 464              -2.1875
                 465           -2.1874664
                 466              -2.1875
                 467            -2.187433
                 468           -2.1874664
                 469           -2.1874664
                 470           -2.1874664
                 471              -2.1875
                 472           -2.1874664
                 473              -2.1875
                 474           -2.1874664
                 475           -2.1874664
                 476           -2.1874664
                 477              -2.1875
                 478              -2.1875
                 479              -2.1875
                 480           -2.1874664
                 481            -2.187433
                 482              -2.1875
                 483           -2.1874664
                 484           -2.1874664
                 485              -2.1875
                 486           -2.1874664
                 487           -2.1874664
                 488            -2.187433
                 489           -2.1874664
                 490           -2.1874664
                 491            -2.187433
                 492           -2.1874664
                 493              -2.1875
                 494              -2.1875
                 495           -2.1874664
                 496           -2.1874664
                 497              -2.1875
                 498              -2.1875
                 499           -2.1874664
                 500           -2.1873994
                 501           -2.1874664
                 502              -2.1875
                 503           -2.1874664
                 504           -2.1874664
                 505           -2.1874664
                 506              -2.1875
                 507              -2.1875
                 508              -2.1875
                 509           -2.1874664
                 510           -2.1874664
                 511              -2.1875
                 512            -2.187433
                 513            -2.187433
                 514            -2.187433
                 515              -2.1875
                 516           -2.1874664
                 517            -2.187433
                 518           -2.1874664
                 519              -2.1875
                 520            -2.187433
                 521           -2.1874664
                 522           -2.1874664
                 523            -2.187433
                 524              -2.1875
                 525              -2.1875
                 526           -2.1874664
                 527              -2.1875
                 528           -2.1874664
                 529              -2.1875
                 530           -2.1873994
                 531           -2.1874664
                 532              -2.1875
                 533              -2.1875
                 534           -2.1873994
                 535           -2.1874664
                 536              -2.1875
                 537            -2.187433
                 538              -2.1875
                 539           -2.1874664
                 540           -2.1874664
                 541           -2.1874664
                 542           -2.1874664
                 543           -2.1874664
                 544           -2.1874664
                 545              -2.1875
                 546            -2.187433
                 547           -2.1873994
                 548           -2.1874664
                 549              -2.1875
                 550           -2.1874664
                 551           -2.1874664
                 552              -2.1875
                 553            -2.187433
                 554           -2.1874664
                 555              -2.1875
                 556            -2.187433
                 557           -2.1873994
                 558           -2.1874664
                 559            -2.187433
                 560              -2.1875
                 561           -2.1874664
                 562              -2.1875
                 563              -2.1875
                 564              -2.1875
                 565              -2.1875
                 566              -2.1875
                 567           -2.1874664
                 568              -2.1875
                 569            -2.187433
                 570              -2.1875
                 571              -2.1875
                 572              -2.1875
                 573              -2.1875
                 574              -2.1875
                 575            -2.187433
                 576              -2.1875
                 577           -2.1874664
                 578            -2.187433
                 579           -2.1873994
                 580           -2.1873994
                 581           -2.1874664
                 582           -2.1874664
                 583              -2.1875
                 584           -2.1874664
                 585           -2.1874664
                 586              -2.1875
                 587              -2.1875
                 588              -2.1875
                 589              -2.1875
                 590              -2.1875
                 591           -2.1874664
                 592           -2.1874664
                 593            -2.187433
                 594              -2.1875
                 595           -2.1874664
                 596           -2.1874664
                 597              -2.1875
                 598              -2.1875
                 599              -2.1875
                 600           -2.1873994
                 601           -2.1874664
                 602              -2.1875
                 603              -2.1875
                 604           -2.1874664
                 605              -2.1875
                 606           -2.1874664
                 607              -2.1875
                 608            -2.187433
                 609           -2.1874664
                 610            -2.187366
                 611           -2.1874664
                 612           -2.1873994
                 613           -2.1874664
                 614            -2.187433
                 615           -2.1874664
                 616            -2.187433
                 617           -2.1874664
                 618            -2.187433
                 619           -2.1874664
                 620              -2.1875
                 621              -2.1875
                 622              -2.1875
                 623              -2.1875
                 624           -2.1873994
                 625           -2.1874664
                 626            -2.187433
                 627              -2.1875
                 628              -2.1875
                 629            -2.187433
                 630              -2.1875
                 631            -2.187433
                 632              -2.1875
                 633            -2.187433
                 634           -2.1874664
                 635              -2.1875
                 636           -2.1874664
                 637              -2.1875
                 638           -2.1874664
                 639           -2.1874664
                 640              -2.1875
                 641           -2.1874664
                 642           -2.1874664
                 643           -2.1874664
                 644           -2.1874664
                 645            -2.187433
                 646           -2.1874664
                 647              -2.1875
                 648           -2.1874664
                 649            -2.187433
                 650           -2.1874664
                 651              -2.1875
                 652              -2.1875
                 653              -2.1875
                 654              -2.1875
                 655              -2.1875
                 656           -2.1874664
                 657           -2.1874664
                 658           -2.1874664
                 659              -2.1875
                 660           -2.1874664
                 661           -2.1874664
                 662            -2.187433
                 663           -2.1874664
                 664           -2.1874664
                 665           -2.1874664
                 666              -2.1875
                 667              -2.1875
                 668           -2.1874664
                 669            -2.187433
                 670            -2.187433
                 671           -2.1874664
                 672           -2.1874664
                 673              -2.1875
                 674           -2.1874664
                 675              -2.1875
                 676              -2.1875
                 677           -2.1874664
                 678           -2.1874664
                 679              -2.1875
                 680           -2.1874664
                 681           -2.1874664
                 682              -2.1875
                 683              -2.1875
                 684              -2.1875
                 685           -2.1874664
                 686              -2.1875
                 687              -2.1875
                 688           -2.1874664
                 689           -2.1874664
                 690            -2.187433
                 691           -2.1874664
                 692              -2.1875
                 693           -2.1874664
                 694           -2.1873994
                 695              -2.1875
                 696           -2.1874664
                 697           -2.1873994
                 698              -2.1875
                 699            -2.187433
                 700            -2.187433
                 701           -2.1874664
                 702           -2.1874664
                 703           -2.1873994
                 704              -2.1875
                 705              -2.1875
                 706              -2.1875
                 707              -2.1875
                 708            -2.187433
                 709              -2.1875
                 710           -2.1874664
                 711              -2.1875
                 712              -2.1875
                 713              -2.1875
                 714           -2.1874664
                 715              -2.1875
                 716           -2.1874664
                 717            -2.187433
                 718            -2.187433
                 719              -2.1875
                 720           -2.1874664
                 721              -2.1875
                 722              -2.1875
                 723            -2.187433
                 724              -2.1875
                 725           -2.1874664
                 726              -2.1875
                 727           -2.1874664
                 728           -2.1873994
                 729           -2.1874664
                 730           -2.1873994
                 731              -2.1875
                 732           -2.1874664
                 733              -2.1875
                 734              -2.1875
                 735           -2.1874664
                 736           -2.1874664
                 737           -2.1874664
                 738              -2.1875
                 739              -2.1875
                 740              -2.1875
                 741           -2.1874664
                 742           -2.1874664
                 743           -2.1874664
                 744           -2.1874664
                 745            -2.187433
                 746           -2.1874664
                 747           -2.1874664
                 748           -2.1874664
                 749              -2.1875
                 750              -2.1875
                 751              -2.1875
                 752            -2.187433
                 753           -2.1874664
                 754           -2.1874664
                 755           -2.1873994
                 756              -2.1875
                 757              -2.1875
                 758            -2.187433
                 759            -2.187366
                 760           -2.1874664
                 761           -2.1874664
                 762              -2.1875
                 763              -2.1875
                 764           -2.1874664
                 765           -2.1874664
                 766           -2.1874664
                 767           -2.1874156
                 768              -2.1875
                 769           -2.1874664
                 770              -2.1875
                 771           -2.1873994
                 772            -2.187433
                 773           -2.1874664
                 774              -2.1875
                 775           -2.1874664
                 776           -2.1874664
                 777              -2.1875
                 778           -2.1874664
                 779           -2.1874664
                 780              -2.1875
                 781              -2.1875
                 782           -2.1874664
                 783           -2.1874664
                 784              -2.1875
                 785              -2.1875
                 786            -2.187433
                 787              -2.1875
                 788           -2.1874664
                 789            -2.187433
                 790              -2.1875
                 791           -2.1874664
                 792              -2.1875
                 793            -2.187433
                 794            -2.187433
                 795              -2.1875
                 796              -2.1875
                 797              -2.1875
                 798              -2.1875
                 799           -2.1874664
                 800           -2.1873994
                 801           -2.1874664
                 802           -2.1873994
                 803              -2.1875
                 804              -2.1875
                 805            -2.187366
                 806              -2.1875
                 807              -2.1875
                 808           -2.1874664
                 809           -2.1874664
                 810              -2.1875
                 811            -2.187433
                 812              -2.1875
                 813            -2.187433
                 814              -2.1875
                 815            -2.187433
                 816              -2.1875
                 817           -2.1874664
                 818              -2.1875
                 819           -2.1874664
                 820           -2.1874664
                 821           -2.1873994
                 822           -2.1874664
                 823              -2.1875
                 824              -2.1875
                 825              -2.1875
                 826              -2.1875
                 827           -2.1874664
                 828           -2.1874664
                 829            -2.187366
                 830              -2.1875
                 831           -2.1874664
                 832            -2.187433
                 833            -2.187433
                 834              -2.1875
                 835           -2.1874664
                 836           -2.1874664
                 837              -2.1875
                 838              -2.1875
                 839           -2.1874664
                 840              -2.1875
                 841            -2.187433
                 842              -2.1875
                 843              -2.1875
                 844              -2.1875
                 845              -2.1875
                 846              -2.1875
                 847           -2.1874664
                 848              -2.1875
                 849           -2.1874664
                 850            -2.187433
                 851           -2.1874664
                 852           -2.1874664
                 853              -2.1875
                 854            -2.187366
                 855              -2.1875
                 856              -2.1875
                 857           -2.1874664
                 858           -2.1873994
                 859              -2.1875
                 860            -2.187433
                 861           -2.1874664
                 862              -2.1875
                 863            -2.187433
                 864              -2.1875
                 865            -2.187433
                 866              -2.1875
                 867              -2.1875
                 868              -2.1875
                 869           -2.1874664
                 870              -2.1875
                 871           -2.1874664
                 872              -2.1875
                 873           -2.1874664
                 874           -2.1874664
                 875            -2.187299
                 876              -2.1875
                 877            -2.187433
                 878           -2.1874664
                 879            -2.187433
                 880           -2.1874664
                 881              -2.1875
                 882           -2.1873994
                 883              -2.1875
                 884              -2.1875
                 885            -2.187433
                 886           -2.1874664
                 887            -2.187433
                 888           -2.1874664
                 889           -2.1874664
                 890           -2.1874664
                 891            -2.187433
                 892           -2.1874664
                 893           -2.1874664
                 894           -2.1874664
                 895           -2.1874664
                 896           -2.1874664
                 897           -2.1874664
                 898           -2.1874664
                 899           -2.1874664
                 900            -2.187433
                 901           -2.1874664
                 902              -2.1875
                 903           -2.1874664
                 904           -2.1874664
                 905              -2.1875
                 906           -2.1874664
                 907           -2.1874664
                 908              -2.1875
                 909            -2.187433
                 910           -2.1874664
                 911              -2.1875
                 912              -2.1875
                 913           -2.1874664
                 914              -2.1875
                 915              -2.1875
                 916           -2.1874664
                 917              -2.1875
                 918              -2.1875
                 919           -2.1874664
                 920              -2.1875
                 921              -2.1875
                 922              -2.1875
                 923              -2.1875
                 924            -2.187433
                 925           -2.1874664
                 926           -2.1874664
                 927           -2.1874664
                 928              -2.1875
                 929              -2.1875
                 930            -2.187433
                 931           -2.1874664
                 932            -2.187433
                 933              -2.1875
                 934              -2.1875
                 935           -2.1874664
                 936           -2.1874664
                 937              -2.1875
                 938           -2.1874664
                 939           -2.1874664
                 940           -2.1874664
                 941              -2.1875
                 942              -2.1875
                 943            -2.187433
                 944            -2.187366
                 945              -2.1875
                 946           -2.1874664
                 947              -2.1875
                 948           -2.1874664
                 949           -2.1874664
                 950              -2.1875
                 951            -2.187366
                 952           -2.1874664
                 953           -2.1873994
                 954              -2.1875
                 955           -2.1874664
                 956           -2.1873994
                 957              -2.1875
                 958              -2.1875
                 959              -2.1875
                 960           -2.1874664
                 961              -2.1875
                 962           -2.1874664
                 963           -2.1874664
                 964              -2.1875
                 965           -2.1874664
                 966            -2.187433
                 967              -2.1875
                 968              -2.1875
                 969              -2.1875
                 970              -2.1875
                 971            -2.187433
                 972              -2.1875
                 973           -2.1874664
                 974            -2.187433
                 975           -2.1874664
                 976           -2.1874664
                 977            -2.187433
                 978           -2.1874664
                 979           -2.1873994
                 980           -2.1874664
                 981           -2.1874664
                 982              -2.1875
                 983            -2.187433
                 984              -2.1875
                 985           -2.1874664
                 986              -2.1875
                 987           -2.1874664
                 988              -2.1875
                 989           -2.1874664
                 990           -2.1874664
                 991              -2.1875
                 992              -2.1875
                 993           -2.1874664
                 994              -2.1875
                 995              -2.1875
                 996              -2.1875
                 997              -2.1875
                 998            -2.187433
                 999            -2.187433
                1000              -2.1875
