                   1               -0.112
                   2          -0.17999981
                   3          -0.07919997
                   4         -0.064799942
                   5          -0.17759985
                   6          -0.17839971
                   7          -0.18559973
                   8          -0.14079981
                   9          -0.10320006
                  10          -0.17919971
                  11         -0.078400023
                  12          -0.10799999
                  13         -0.067999981
                  14         -0.060800049
                  15          -0.10960002
                  16           -0.2055998
                  17          -0.13280004
                  18          -0.10479997
                  19          -0.19119965
                  20          -0.12400001
                  21         -0.011199997
                  22        -0.0032000004
                  23          -0.14479999
                  24         -0.098400012
                  25         -0.066400036
                  26          -0.11600001
                  27         -0.077600084
                  28          -0.17039984
                  29         -0.018399999
                  30          -0.14879981
                  31         0.0023999983
                  32          -0.09920004
                  33         -0.078399964
                  34          -0.12000003
                  35          -0.14159982
                  36          -0.04559999
                  37         -0.039199997
                  38          -0.08799994
                  39          -0.14239985
                  40          -0.11440004
                  41         -0.038400017
                  42          -0.13279995
                  43         -0.044000015
                  44           -0.1359999
                  45         -0.016799999
                  46          -0.19519971
                  47          -0.14800006
                  48          -0.21919996
                  49          -0.12080003
                  50         -0.083999954
                  51         -0.049599975
                  52         -0.095999971
                  53          -0.11440004
                  54         -0.075200014
                  55         -0.088800065
                  56         -0.043200042
                  57          -0.11679995
                  58          -0.15120013
                  59         -0.092799991
                  60         -0.020799989
                  61         -0.081599973
                  62         -0.060799986
                  63          -0.15439972
                  64         -0.088799976
                  65         -0.068000048
                  66          -0.10080008
                  67          -0.12400008
                  68          -0.08479999
                  69          -0.20880011
                  70          -0.13119999
                  71          -0.09920001
                  72        -0.0023999983
                  73          -0.10560007
                  74               -0.104
                  75          -0.10079999
                  76         -0.057599977
                  77         -0.068799987
                  78          -0.12079997
                  79               -0.048
                  80         -0.076800019
                  81          -0.13199994
                  82         -0.043200042
                  83         -0.081600003
                  84          -0.12879999
                  85          -0.07600008
                  86         -0.084000044
                  87          -0.12560003
                  88          -0.13280004
                  89          -0.12080003
                  90          -0.18399976
                  91          -0.14319977
                  92         -0.075200014
                  93          -0.12319998
                  94         -0.047999971
                  95          -0.10880002
                  96          -0.12640008
                  97         -0.056799974
                  98          -0.15519971
                  99          -0.18479986
                 100         -0.097600035
                 101         -0.063199997
                 102         -0.017599991
                 103          -0.11360001
                 104         -0.066400006
                 105         -0.090399981
                 106          -0.08479999
                 107          -0.13119999
                 108         -0.092799991
                 109         -0.039199997
                 110          -0.12160001
                 111         -0.031200001
                 112         -0.065600008
                 113          -0.12240007
                 114          -0.14159979
                 115          -0.12880011
                 116          -0.12800004
                 117              -0.0088
                 118          -0.10320003
                 119          -0.14559977
                 120           -0.1367999
                 121         -0.092000015
                 122          -0.14399979
                 123          -0.13519992
                 124         -0.035200011
                 125          -0.13600001
                 126         -0.078399993
                 127         -0.057600036
                 128         -0.074400038
                 129          -0.10480003
                 130          -0.14959991
                 131          -0.09920007
                 132          -0.24239972
                 133         -0.071200028
                 134          -0.14399999
                 135         -0.083999954
                 136         -0.033600006
                 137          -0.11840005
                 138          -0.11680002
                 139         -0.051200014
                 140          -0.09040001
                 141         -0.056799974
                 142         -0.099999987
                 143          -0.11440004
                 144              -0.1112
                 145         -0.095199995
                 146          -0.09040001
                 147           -0.1136001
                 148         -0.032000002
                 149          -0.13440003
                 150         -0.043199982
                 151          -0.14880005
                 152          -0.13519989
                 153          -0.12479998
                 154          -0.12879999
                 155         -0.057600036
                 156          -0.08480002
                 157          -0.11039996
                 158          -0.16159986
                 159          -0.16879986
                 160          -0.10160005
                 161         -0.094400026
                 162         -0.035200011
                 163          -0.13759989
                 164          -0.21119946
                 165         -0.088800035
                 166          -0.11440007
                 167          -0.12879999
                 168         -0.049600035
                 169          -0.10000005
                 170         -0.045600023
                 171         -0.097599976
                 172         -0.072800003
                 173          -0.12880005
                 174         -0.015200001
                 175          -0.11200003
                 176          -0.16719964
                 177          -0.14719996
                 178          -0.10960002
                 179         -0.076799989
                 180          -0.14479974
                 181         -0.075200044
                 182          -0.14799994
                 183          -0.19520007
                 184         -0.086399995
                 185          -0.16559967
                 186          -0.16559967
                 187          -0.11519998
                 188          -0.16879986
                 189          -0.15439996
                 190          -0.16479993
                 191         -0.060000047
                 192         -0.020800004
                 193          -0.10240006
                 194          -0.11279997
                 195         -0.083200015
                 196          -0.14559998
                 197          -0.10160002
                 198          -0.11360001
                 199          -0.14079981
                 200         -0.049600035
                 201          -0.10000005
                 202          -0.13199997
                 203          -0.14479999
                 204          -0.12160001
                 205          -0.17279993
                 206         -0.085599989
                 207              -0.1128
                 208         -0.079999998
                 209         -0.097599946
                 210          -0.13520001
                 211         -0.063200027
                 212          -0.15040003
                 213         -0.095200092
                 214         -0.037599992
                 215          -0.12160004
                 216          -0.17759998
                 217          -0.08720006
                 218          -0.10879999
                 219         -0.039199937
                 220          -0.10880008
                 221         -0.095200025
                 222          -0.10720001
                 223          -0.12480011
                 224          -0.13279995
                 225          -0.24559967
                 226          -0.10080005
                 227         -0.046399996
                 228         -0.092000015
                 229         -0.041600037
                 230         -0.068000019
                 231          -0.16559979
                 232         -0.021600004
                 233          -0.11760005
                 234         -0.031199995
                 235          -0.16639978
                 236         -0.099999957
                 237          0.029599942
                 238          -0.12160001
                 239          -0.19359985
                 240          -0.15120025
                 241         -0.017600005
                 242          -0.23679993
                 243         -0.082400009
                 244         -0.071999967
                 245         -0.080799975
                 246         -0.087199934
                 247          -0.15039966
                 248          -0.16399969
                 249          -0.11440001
                 250          -0.14239982
                 251         -0.068000019
                 252          -0.13999982
                 253         -0.080800034
                 254         -0.095200054
                 255          -0.13279995
                 256          -0.16079974
                 257         -0.082399979
                 258         -0.039200027
                 259         -0.065600008
                 260          -0.11440004
                 261         -0.078400023
                 262          -0.17120007
                 263         -0.056000061
                 264         -0.076000042
                 265         -0.072000034
                 266          -0.14240003
                 267          -0.11680005
                 268          -0.15359986
                 269          -0.23039965
                 270         -0.092800021
                 271          -0.15759979
                 272          -0.12959997
                 273          -0.14160004
                 274          -0.12719999
                 275         -0.092000015
                 276          -0.12320004
                 277          -0.10239993
                 278          -0.14080004
                 279         -0.092800021
                 280          -0.14159979
                 281         -0.037600022
                 282         -0.065599978
                 283         -0.075999983
                 284         -0.046399996
                 285         -0.078400023
                 286          -0.10880008
                 287          -0.14239982
                 288          -0.12080003
                 289         -0.089600004
                 290         -0.092000075
                 291          -0.14719996
                 292         -0.029600002
                 293          -0.14160004
                 294         -0.088799976
                 295          -0.10960005
                 296          -0.11840005
                 297           -0.1751999
                 298          -0.16479981
                 299          -0.11760005
                 300          -0.11520004
                 301          -0.11839999
                 302         -0.053599961
                 303          -0.15120001
                 304                -0.16
                 305         -0.056000032
                 306         -0.095199935
                 307          -0.21199994
                 308         -0.078400023
                 309         -0.095200025
                 310          -0.10400003
                 311         -0.021600002
                 312          -0.10320006
                 313         -0.074399978
                 314          -0.14319989
                 315         -0.040000029
                 316         -0.076800019
                 317          -0.11840005
                 318         -0.089600034
                 319         -0.056000002
                 320         -0.057600036
                 321          -0.13999988
                 322         -0.047199968
                 323         -0.064800002
                 324          -0.15359963
                 325         -0.086400025
                 326         -0.086400025
                 327         -0.044800017
                 328         -0.071999997
                 329         -0.082399979
                 330         -0.085599989
                 331          -0.15119977
                 332         -0.084000073
                 333         -0.068799987
                 334          -0.10800005
                 335          -0.10160005
                 336         -0.033599976
                 337          -0.13680023
                 338         -0.047999941
                 339         -0.089599974
                 340          -0.14079981
                 341         -0.015199994
                 342          -0.14400025
                 343         -0.071999997
                 344         -0.043200012
                 345         -0.071199909
                 346         -0.056800034
                 347          -0.10640004
                 348               -0.088
                 349         -0.096000001
                 350          -0.16720013
                 351         -0.014400002
                 352         -0.078399993
                 353          -0.13679999
                 354          -0.12240001
                 355          -0.14639996
                 356        -0.0048000067
                 357          -0.13600013
                 358         -0.089599945
                 359         -0.020800004
                 360          -0.15599969
                 361         -0.041600008
                 362          -0.13279995
                 363          -0.12320004
                 364         -0.071199998
                 365         -0.076800019
                 366               -0.048
                 367               -0.208
                 368          -0.11040002
                 369          -0.10079999
                 370         -0.057599977
                 371          -0.12560003
                 372          -0.12719999
                 373          -0.10720007
                 374          -0.10560004
                 375          -0.17279981
                 376          -0.13199997
                 377          -0.14239991
                 378         -0.091200046
                 379          0.028800003
                 380         -0.043999985
                 381          -0.14559998
                 382          -0.15519983
                 383       -2.9802322e-10
                 384           -0.1975998
                 385          -0.17679986
                 386          -0.15120013
                 387         -0.019200005
                 388          -0.12239997
                 389          -0.13919996
                 390         -0.054399993
                 391          -0.11520004
                 392          -0.18719971
                 393         -0.044000037
                 394         -0.045600053
                 395          -0.12960003
                 396         -0.081599973
                 397         0.0039999988
                 398          -0.18319964
                 399         -0.001600001
                 400         -0.049599946
                 401          -0.17439966
                 402          -0.11360007
                 403         -0.088800006
                 404          -0.11200006
                 405         -0.070400022
                 406         -0.056800004
                 407           -0.1472002
                 408         -0.047999971
                 409         -0.058400039
                 410         -0.086400054
                 411         -0.047199998
                 412              -0.1032
                 413          -0.11680002
                 414          -0.10240003
                 415         -0.016000001
                 416         -0.078400053
                 417          -0.14000018
                 418          -0.14399976
                 419          -0.22239965
                 420          -0.14319977
                 421          -0.11200003
                 422          -0.15039991
                 423          -0.12400004
                 424          -0.12240004
                 425         -0.056799974
                 426         -0.088800006
                 427          -0.13519992
                 428          -0.12800004
                 429         -0.097600035
                 430          -0.15199988
                 431          -0.15599994
                 432          -0.09040007
                 433          -0.12640005
                 434         -0.035199981
                 435          -0.09679997
                 436          -0.18800007
                 437          -0.16159998
                 438          -0.13839987
                 439          -0.08720006
                 440         -0.080000028
                 441          -0.13839984
                 442         -0.085600048
                 443         -0.045600053
                 444          -0.17199969
                 445          -0.11039999
                 446         -0.098400012
                 447           -0.2143999
                 448         -0.066399947
                 449         -0.079200029
                 450          -0.14559986
                 451           -0.1064001
                 452          -0.10160008
                 453         -0.064000003
                 454          -0.11680002
                 455          -0.11280003
                 456          -0.11280006
                 457          -0.12400011
                 458         -0.085600019
                 459          -0.15920013
                 460          -0.15439996
                 461          -0.14799982
                 462          -0.12640002
                 463              -0.1192
                 464         -0.066400036
                 465         -0.098400012
                 466         -0.067200013
                 467          -0.13759997
                 468          -0.11039999
                 469          -0.13439991
                 470          -0.14319977
                 471         -0.059200011
                 472               -0.184
                 473          -0.11040006
                 474         -0.027999999
                 475         -0.064800061
                 476          -0.14559986
                 477          -0.10640004
                 478         -0.066399947
                 479          -0.14079981
                 480          -0.10880002
                 481          -0.13279998
                 482          -0.14240003
                 483         -0.063199997
                 484          -0.10320003
                 485          -0.13600001
                 486          -0.14879993
                 487          -0.12080003
                 488         -0.097599976
                 489          -0.10320006
                 490         -0.037599958
                 491         -0.080000058
                 492          -0.13519989
                 493          -0.10560004
                 494           -0.1359999
                 495          -0.14480011
                 496         -0.084000044
                 497          -0.12240004
                 498          -0.17919959
                 499         -0.048000053
                 500         -0.068799987
                 501         -0.056000002
                 502         -0.075999983
                 503         -0.020799996
                 504          -0.14159988
                 505         -0.043200042
                 506         -0.084800079
                 507          -0.18559985
                 508          -0.12480002
                 509          0.052000046
                 510         -0.072800003
                 511         -0.043200042
                 512          -0.09360002
                 513          -0.10160002
                 514           -0.1535996
                 515         -0.071200028
                 516          -0.10959999
                 517         -0.076000042
                 518          -0.09360005
                 519          -0.12720002
                 520           -0.1280001
                 521          -0.12640002
                 522               -0.048
                 523         -0.027199997
                 524          -0.23039965
                 525          -0.11040002
                 526           -0.1831999
                 527         -0.095199935
                 528         -0.061599959
                 529          -0.11920006
                 530          -0.15119964
                 531          -0.13040003
                 532         -0.059200041
                 533          -0.16719964
                 534          -0.15599994
                 535          -0.14479986
                 536          -0.19999975
                 537          -0.14639975
                 538          -0.11520001
                 539          -0.14000006
                 540         -0.078399934
                 541         -0.098399982
                 542         -0.091200046
                 543          -0.17679998
                 544         -0.052000016
                 545         -0.044000044
                 546         -0.031200001
                 547         -0.089599974
                 548          -0.16559991
                 549          -0.15839954
                 550         -0.074400008
                 551         -0.080799975
                 552         -0.033599976
                 553          -0.11839996
                 554          -0.12719999
                 555         -0.039999969
                 556          -0.11920006
                 557         -0.086399995
                 558         -0.065599978
                 559         -0.080800034
                 560          -0.04640004
                 561          -0.10720004
                 562         -0.076000042
                 563          -0.12160007
                 564          -0.12879999
                 565         -0.062399995
                 566         -0.061599992
                 567         -0.073600039
                 568          -0.10240003
                 569          -0.11840002
                 570          -0.20719977
                 571         -0.049600005
                 572         -0.088800006
                 573         -0.082400039
                 574         -0.077600025
                 575          -0.16560003
                 576          -0.10159999
                 577          -0.12399998
                 578          -0.10799999
                 579         -0.064800031
                 580         -0.079999998
                 581          -0.15919964
                 582          -0.15199988
                 583          -0.15359972
                 584          -0.09360002
                 585         -0.030399986
                 586          -0.12480005
                 587         -0.071200028
                 588         -0.065600067
                 589          -0.13440026
                 590          -0.12159996
                 591         -0.077600025
                 592          -0.13839984
                 593          -0.02559999
                 594         -0.092800051
                 595          -0.12640002
                 596         -0.063199967
                 597          -0.09040001
                 598         -0.072799973
                 599          -0.12720002
                 600         -0.052000046
                 601          -0.15039966
                 602          -0.14880005
                 603          -0.15519994
                 604         -0.022399994
                 605         -0.064799972
                 606         -0.039999999
                 607          -0.14639984
                 608         0.0008000001
                 609         -0.028800003
                 610          -0.21279992
                 611         -0.039199997
                 612         -0.096000031
                 613         -0.099999987
                 614          -0.08799997
                 615         -0.065600008
                 616         -0.020000003
                 617          -0.10480006
                 618          -0.15119977
                 619         -0.080800034
                 620          -0.15120001
                 621         -0.084000014
                 622          -0.11360007
                 623         -0.088800035
                 624         -0.026399991
                 625          -0.17279981
                 626         -0.079200029
                 627          -0.13199997
                 628         -0.026399991
                 629         -0.079999998
                 630           -0.1367999
                 631          -0.20159936
                 632         -0.097600035
                 633          -0.11600005
                 634          -0.14559986
                 635         -0.037599992
                 636         -0.098400041
                 637          -0.11359994
                 638          -0.16560003
                 639          -0.10080005
                 640          -0.10159999
                 641          -0.12240004
                 642          -0.13599987
                 643          -0.12959997
                 644          -0.12560005
                 645         -0.086399995
                 646          -0.17199969
                 647          -0.10960005
                 648          -0.04240001
                 649          -0.15359986
                 650       -0.00079999829
                 651          -0.16319983
                 652          -0.16239984
                 653              -0.1208
                 654          -0.12399998
                 655         -0.031199995
                 656         -0.090399981
                 657          0.024000008
                 658         -0.086399935
                 659         -0.046399996
                 660         -0.095200025
                 661          -0.17119983
                 662          -0.14239982
                 663          -0.15439996
                 664          -0.09040001
                 665          -0.13360028
                 666         -0.072799973
                 667          -0.11280006
                 668          -0.11280006
                 669          -0.12479998
                 670          -0.10959999
                 671         -0.085600019
                 672          -0.19919977
                 673          -0.16559979
                 674         -0.047199968
                 675         -0.056800034
                 676         -0.088000059
                 677          -0.12639998
                 678         -0.097600065
                 679         -0.096000001
                 680          -0.11840005
                 681          -0.13359998
                 682          -0.13039996
                 683         -0.064000033
                 684          -0.11120006
                 685              -0.1032
                 686          -0.09600006
                 687          -0.15120025
                 688          -0.20479968
                 689          -0.19279987
                 690         -0.078400053
                 691         -0.072800003
                 692         -0.035199981
                 693          -0.18959966
                 694          -0.14399976
                 695         -0.096800067
                 696          -0.13519995
                 697         -0.041600008
                 698          -0.19119965
                 699          -0.10240003
                 700          -0.12880005
                 701          -0.10720004
                 702         -0.092800021
                 703          -0.11679999
                 704          -0.11440001
                 705          -0.15679993
                 706          -0.18159992
                 707         -0.052799989
                 708          -0.15599957
                 709          -0.20879975
                 710         -0.080000028
                 711           -0.1359999
                 712          -0.11119993
                 713         -0.060000014
                 714         -0.096000031
                 715          -0.22880004
                 716          -0.11120003
                 717         -0.082399979
                 718          -0.14000006
                 719         -0.079200029
                 720           -0.1751999
                 721          -0.13599987
                 722          -0.14959979
                 723         -0.044000037
                 724          -0.15439984
                 725          -0.14559986
                 726         -0.093600079
                 727          -0.13120019
                 728         -0.047199968
                 729         -0.088800035
                 730          -0.10880005
                 731         -0.072800003
                 732          -0.18399976
                 733          -0.12319998
                 734          -0.11519995
                 735          -0.12720005
                 736         -0.068000019
                 737          -0.18239978
                 738          -0.13120002
                 739          -0.16079962
                 740          -0.10400006
                 741         -0.058399979
                 742         -0.025600007
                 743          -0.09360002
                 744          -0.12320001
                 745          -0.10160008
                 746          -0.13520026
                 747          -0.13280004
                 748          -0.09919998
                 749         -0.088000029
                 750          -0.10160011
                 751          -0.16000012
                 752          -0.10000008
                 753          -0.14399979
                 754         -0.026400005
                 755         -0.070399933
                 756          -0.13119999
                 757          -0.12480002
                 758          -0.19199976
                 759          -0.19919989
                 760          -0.14879981
                 761          -0.13919982
                 762          -0.13279995
                 763          -0.12560005
                 764          -0.13119999
                 765         -0.088800035
                 766         -0.029600002
                 767          -0.13839996
                 768          -0.10880008
                 769          -0.10400009
                 770          -0.10640001
                 771         -0.092799991
                 772          -0.12400004
                 773         -0.085599989
                 774          -0.14800006
                 775          -0.11360004
                 776         -0.067199983
                 777          -0.12560005
                 778         -0.077600054
                 779         -0.056799941
                 780         -0.059200011
                 781              -0.0792
                 782          -0.13039996
                 783          -0.14399987
                 784          0.020799996
                 785          -0.10240006
                 786         -0.087199993
                 787           -0.1743999
                 788          -0.09919998
                 789          -0.11040002
                 790          -0.18559973
                 791         -0.088000089
                 792          -0.14960016
                 793         -0.080000028
                 794         -0.057600036
                 795          -0.15999976
                 796         -0.081600003
                 797          -0.12720002
                 798          0.031199995
                 799         -0.032799996
                 800          -0.14479974
                 801         -0.073600069
                 802          -0.12320007
                 803         -0.031199979
                 804         -0.098400012
                 805          -0.12480035
                 806         -0.064799972
                 807          -0.11360001
                 808         -0.095199965
                 809           -0.1823999
                 810          -0.10080008
                 811         -0.096000001
                 812          -0.10159999
                 813         -0.058400009
                 814          -0.11200003
                 815         -0.036000017
                 816         -0.031999987
                 817          -0.11359998
                 818          -0.13120008
                 819          -0.20079987
                 820              -0.1024
                 821          -0.12720002
                 822          -0.11679995
                 823         -0.067199953
                 824          -0.11760008
                 825         -0.092800051
                 826          -0.13999988
                 827          -0.10960002
                 828          -0.14799994
                 829         -0.080800004
                 830          -0.14800006
                 831         -0.089599974
                 832         -0.064800002
                 833          -0.19279987
                 834          0.026399998
                 835         -0.061599929
                 836         -0.065600008
                 837         -0.051200043
                 838         -0.098399982
                 839         -0.081600003
                 840          -0.11599994
                 841        -0.0080000078
                 842         -0.092799954
                 843          -0.11280003
                 844          -0.12080003
                 845        -0.0063999994
                 846         -0.063200027
                 847         -0.056799974
                 848          -0.19439997
                 849         -0.036799956
                 850         -0.068000048
                 851         -0.071199998
                 852         -0.035199951
                 853          -0.13359998
                 854         -0.082399949
                 855         -0.079999998
                 856         -0.035999954
                 857          -0.14639996
                 858          -0.10400006
                 859         -0.050400008
                 860          -0.09920001
                 861          -0.12480002
                 862         -0.046399996
                 863         -0.012800003
                 864         -0.018399999
                 865          -0.12640005
                 866          -0.04559999
                 867         -0.097600006
                 868         -0.037599958
                 869         -0.060799956
                 870          -0.18719971
                 871         -0.059200011
                 872         -0.064799972
                 873          -0.15759979
                 874         -0.072800033
                 875         -0.053600021
                 876           -0.1056001
                 877          -0.15039977
                 878          -0.10639998
                 879           -0.1367999
                 880          -0.10320003
                 881          -0.12640011
                 882          0.012000004
                 883          -0.14239991
                 884          -0.15920013
                 885          -0.10799999
                 886           -0.1815998
                 887          -0.10240006
                 888         -0.041600008
                 889         -0.075200044
                 890              -0.1296
                 891          -0.10000005
                 892          -0.12559998
                 893          -0.11440001
                 894          -0.20159997
                 895         -0.077600025
                 896         -0.064799972
                 897          -0.10640007
                 898          -0.19759955
                 899          -0.12560008
                 900          -0.13759992
                 901          -0.16959973
                 902          -0.14799969
                 903          -0.13839996
                 904         -0.058400009
                 905         -0.047999971
                 906          -0.09679997
                 907           -0.1456001
                 908          -0.14719996
                 909         -0.072000034
                 910          -0.12079997
                 911         -0.053599991
                 912          -0.09359996
                 913              -0.1112
                 914          -0.10960002
                 915          -0.16400006
                 916         -0.057600006
                 917          -0.14719982
                 918          -0.20079987
                 919          -0.16399994
                 920          -0.10000005
                 921          -0.16559979
                 922          -0.09360005
                 923          -0.11920003
                 924          -0.20319934
                 925          -0.16959961
                 926         0.0008000001
                 927          -0.12399998
                 928         -0.065599978
                 929         -0.067999952
                 930         -0.091999985
                 931               -0.104
                 932         -0.030399973
                 933         -0.057600006
                 934         -0.077600054
                 935          -0.11359998
                 936          -0.12720025
                 937          -0.15840003
                 938          -0.18079981
                 939          -0.16720001
                 940          -0.12079997
                 941         -0.095199965
                 942          -0.10960005
                 943          -0.16560003
                 944         -0.034400009
                 945          -0.14560021
                 946          -0.20559992
                 947         -0.076000042
                 948         -0.072800033
                 949         -0.043200042
                 950         -0.062399965
                 951          -0.10719995
                 952         -0.035199981
                 953              -0.1048
                 954          -0.17599951
                 955          -0.26159942
                 956          -0.05119998
                 957         -0.068799987
                 958         -0.060000107
                 959          -0.10000002
                 960          -0.13280004
                 961         -0.083200015
                 962          -0.11840002
                 963         -0.049600005
                 964          -0.14160004
                 965         -0.021600002
                 966          -0.18639971
                 967          -0.13040009
                 968         -0.098400041
                 969          -0.11360007
                 970         -0.044800051
                 971          -0.11120009
                 972         -0.096000031
                 973          -0.15759979
                 974          -0.13199994
                 975          -0.12239997
                 976          -0.10160005
                 977          -0.12240001
                 978          -0.13759986
                 979          -0.13600001
                 980         -0.092799991
                 981         -0.071199998
                 982         -0.023200002
                 983          -0.14799982
                 984         -0.064800031
                 985          -0.10559998
                 986          -0.11760005
                 987         -0.092000015
                 988          -0.14079981
                 989          -0.11199997
                 990          -0.14399987
                 991          -0.13759986
                 992          -0.12719999
                 993         -0.040799942
                 994           -0.1359999
                 995          -0.13280018
                 996          -0.10960008
                 997         -0.071999967
                 998          -0.16719976
                 999         -0.067999981
                1000         -0.071200028
