                   1          -0.96799928
                   2           -1.3599988
                   3           -1.3279986
                   4           -1.5879978
                   5           -1.8599973
                   6           -2.1999969
                   7            -2.031997
                   8           -2.1999969
                   9           -2.1999969
                  10           -2.1159971
                  11           -2.1159971
                  12           -2.1159971
                  13            -2.031997
                  14           -1.9479971
                  15           -1.8639972
                  16           -1.5599976
                  17            -2.027997
                  18           -2.1159971
                  19           -2.1159971
                  20           -2.1159971
                  21            -2.031997
                  22           -1.9479971
                  23           -2.0719972
                  24            -2.031997
                  25           -2.0719972
                  26           -1.4799975
                  27           -1.9879972
                  28           -2.1999969
                  29           -2.1159971
                  30           -2.1159971
                  31           -2.1999969
                  32           -2.1159971
                  33           -2.0719972
                  34           -2.1999969
                  35           -2.1999969
                  36           -1.9479971
                  37           -1.7759973
                  38           -2.1159971
                  39           -2.0719972
                  40           -2.1159971
                  41           -1.9439971
                  42           -1.9439971
                  43            -2.027997
                  44           -1.9479971
                  45           -1.9479971
                  46           -1.9879972
                  47            -2.031997
                  48           -2.1159971
                  49           -1.9879972
                  50           -1.9879972
                  51            -2.031997
                  52           -2.1159971
                  53           -2.1159971
                  54           -1.8639972
                  55            -2.031997
                  56           -1.9879972
                  57           -2.1999969
                  58           -1.9479971
                  59           -1.9439971
                  60            -2.031997
                  61           -1.9879972
                  62           -2.1999969
                  63            -2.027997
                  64           -1.9879972
                  65           -2.1999969
                  66           -2.1999969
                  67           -2.1159971
                  68           -1.9479971
                  69           -1.9479971
                  70            -2.031997
                  71           -1.8599973
                  72           -2.1999969
                  73           -1.9479971
                  74           -2.1999969
                  75           -1.9879972
                  76           -2.1999969
                  77           -2.1159971
                  78           -2.1999969
                  79           -2.1999969
                  80           -2.1159971
                  81           -2.1999969
                  82            -2.031997
                  83           -1.9039972
                  84            -2.031997
                  85           -2.1159971
                  86           -1.9039972
                  87           -2.1999969
                  88           -1.9479971
                  89           -2.1159971
                  90           -1.9879972
                  91           -2.1159971
                  92           -2.0719972
                  93           -2.1999969
                  94           -2.1999969
                  95            -2.031997
                  96           -1.9039972
                  97           -2.1159971
                  98           -1.8639972
                  99            -2.031997
                 100           -2.0719972
                 101           -1.9039972
                 102            -2.031997
                 103            -2.031997
                 104            -2.031997
                 105           -1.8559973
                 106           -2.1159971
                 107           -2.1159971
                 108           -2.1159971
                 109            -2.031997
                 110           -2.1999969
                 111           -2.1159971
                 112           -2.1999969
                 113           -1.9039972
                 114           -2.1159971
                 115           -2.1999969
                 116            -2.031997
                 117            -2.031997
                 118           -2.1159971
                 119           -2.1159971
                 120            -2.031997
                 121           -1.9879972
                 122           -2.1159971
                 123           -2.1999969
                 124           -2.1999969
                 125           -2.1999969
                 126           -1.9879972
                 127            -2.031997
                 128           -1.9479971
                 129            -2.027997
                 130           -2.1159971
                 131           -1.7759973
                 132            -2.027997
                 133           -2.1999969
                 134           -1.9879972
                 135           -1.9479971
                 136            -2.031997
                 137           -1.9039972
                 138           -1.8999972
                 139           -1.9439971
                 140           -2.1999969
                 141           -2.1999969
                 142           -1.9879972
                 143            -2.031997
                 144           -2.1159971
                 145           -1.9039972
                 146            -2.031997
                 147           -1.7719973
                 148           -1.9879972
                 149           -2.1159971
                 150           -1.9879972
                 151           -1.6919974
                 152            -2.031997
                 153           -1.9479971
                 154           -1.9479971
                 155           -1.8639972
                 156           -1.7359973
                 157           -2.0719972
                 158           -2.1159971
                 159           -2.1159971
                 160           -2.1999969
                 161            -2.031997
                 162           -1.9039972
                 163           -1.9879972
                 164           -1.7319974
                 165           -1.9879972
                 166           -1.9879972
                 167           -1.9039972
                 168           -2.1999969
                 169            -2.027997
                 170           -1.8599973
                 171            -2.027997
                 172           -1.6399976
                 173           -1.9879972
                 174           -1.9479971
                 175           -2.1159971
                 176            -2.031997
                 177           -2.1999969
                 178           -2.1159971
                 179           -2.1999969
                 180           -1.9879972
                 181           -2.1999969
                 182           -2.1159971
                 183           -2.1159971
                 184           -1.8159974
                 185            -2.031997
                 186           -2.1159971
                 187           -1.9479971
                 188           -1.6479974
                 189           -1.8119974
                 190           -1.6399976
                 191           -1.6759976
                 192           -1.8519974
                 193           -1.9039972
                 194            -2.031997
                 195            -2.031997
                 196            -2.031997
                 197           -1.9439971
                 198           -1.6879975
                 199           -1.8999972
                 200           -1.9439971
                 201           -2.1999969
                 202            -2.027997
                 203           -2.0719972
                 204           -2.1159971
                 205           -2.1999969
                 206           -1.8639972
                 207           -1.7759973
                 208           -1.9439971
                 209           -2.1999969
                 210           -2.1159971
                 211            -2.031997
                 212           -1.8639972
                 213           -2.1159971
                 214           -2.1159971
                 215            -2.031997
                 216           -2.1159971
                 217            -2.031997
                 218           -2.1159971
                 219           -1.8199973
                 220           -1.8639972
                 221           -2.1999969
                 222            -2.031997
                 223            -2.031997
                 224           -2.1159971
                 225           -2.1159971
                 226           -2.1999969
                 227           -2.1999969
                 228           -1.9759973
                 229           -1.8119974
                 230           -1.7719973
                 231           -1.7719973
                 232           -2.1159971
                 233           -1.9039972
                 234           -1.8159974
                 235           -1.6839975
                 236           -1.9039972
                 237           -2.1159971
                 238           -1.9039972
                 239            -2.027997
                 240           -2.1999969
                 241           -2.1159971
                 242           -1.8599973
                 243           -2.1159971
                 244            -2.031997
                 245           -2.1999969
                 246           -2.1999969
                 247            -2.031997
                 248           -1.8599973
                 249           -1.9039972
                 250           -2.0719972
                 251           -1.9039972
                 252           -1.8959973
                 253           -1.7719973
                 254           -2.1159971
                 255           -2.0719972
                 256           -1.9839972
                 257           -2.0239973
                 258           -1.8119974
                 259           -1.9439971
                 260           -2.1159971
                 261           -2.1999969
                 262            -2.031997
                 263           -2.1999969
                 264           -2.1159971
                 265           -2.1159971
                 266           -2.1159971
                 267           -1.9439971
                 268           -2.1999969
                 269            -2.031997
                 270           -1.7359973
                 271           -2.0719972
                 272           -1.8199973
                 273           -1.7799972
                 274           -1.8159974
                 275            -2.031997
                 276           -2.0719972
                 277           -2.1159971
                 278           -1.9479971
                 279           -1.9479971
                 280           -2.1999969
                 281           -1.8599973
                 282           -1.9479971
                 283            -2.031997
                 284           -2.1999969
                 285           -1.9439971
                 286           -1.8639972
                 287           -1.9879972
                 288           -1.9479971
                 289           -1.8159974
                 290           -2.1999969
                 291           -2.1999969
                 292           -2.1159971
                 293            -2.031997
                 294           -2.1999969
                 295           -2.1159971
                 296            -2.031997
                 297           -2.1159971
                 298           -2.1999969
                 299           -1.9479971
                 300           -1.9879972
                 301           -1.9039972
                 302           -2.1159971
                 303           -2.1999969
                 304           -1.9039972
                 305           -1.8599973
                 306           -2.1999969
                 307           -2.1999969
                 308           -1.9479971
                 309           -2.1999969
                 310           -2.1159971
                 311           -2.1999969
                 312           -1.8639972
                 313            -2.031997
                 314           -1.9879972
                 315            -2.031997
                 316           -1.9879972
                 317           -2.1159971
                 318           -2.1159971
                 319           -1.8639972
                 320           -1.8199973
                 321            -2.031997
                 322           -2.1159971
                 323           -2.1999969
                 324           -1.9479971
                 325           -1.9839972
                 326           -1.9439971
                 327           -1.8119974
                 328           -2.1159971
                 329            -2.027997
                 330           -1.9039972
                 331           -1.8999972
                 332           -1.7759973
                 333           -1.9879972
                 334           -2.1999969
                 335           -2.0719972
                 336           -1.9879972
                 337            -2.031997
                 338            -2.031997
                 339           -2.1159971
                 340           -2.1159971
                 341           -2.0719972
                 342           -1.9039972
                 343            -2.031997
                 344           -1.7359973
                 345           -1.8599973
                 346           -2.1159971
                 347            -2.031997
                 348           -1.9039972
                 349           -2.1999969
                 350           -2.1999969
                 351           -1.9879972
                 352           -1.9479971
                 353           -1.9439971
                 354           -1.9879972
                 355           -2.0719972
                 356            -2.031997
                 357           -1.8199973
                 358           -1.9439971
                 359           -1.9879972
                 360           -1.7319974
                 361           -1.7759973
                 362            -2.031997
                 363           -1.6879975
                 364           -1.8199973
                 365           -2.1159971
                 366           -2.0719972
                 367            -2.031997
                 368           -1.9879972
                 369           -1.9479971
                 370           -1.9839972
                 371           -1.8199973
                 372           -1.8639972
                 373           -2.1159971
                 374           -1.6879975
                 375           -2.1159971
                 376           -2.1159971
                 377           -2.1159971
                 378           -2.1159971
                 379           -2.1999969
                 380           -2.1159971
                 381           -2.0719972
                 382           -2.1159971
                 383           -1.8159974
                 384            -2.031997
                 385           -1.9839972
                 386           -2.1159971
                 387           -1.9479971
                 388           -2.1999969
                 389           -2.1999969
                 390           -1.9879972
                 391           -1.7359973
                 392           -2.1159971
                 393           -2.0719972
                 394           -1.9879972
                 395           -1.9879972
                 396           -2.0719972
                 397           -2.1159971
                 398           -2.1999969
                 399            -2.031997
                 400            -2.031997
                 401           -1.7759973
                 402           -2.1159971
                 403           -2.0719972
                 404           -2.1999969
                 405           -2.1159971
                 406           -2.1999969
                 407           -1.9039972
                 408           -2.1159971
                 409            -2.031997
                 410           -2.0719972
                 411           -2.1999969
                 412           -2.1159971
                 413           -1.9839972
                 414            -2.027997
                 415           -1.9479971
                 416            -2.031997
                 417           -2.1159971
                 418           -2.1159971
                 419           -2.1999969
                 420           -1.9479971
                 421           -1.9039972
                 422           -1.9439971
                 423           -1.8599973
                 424           -1.9879972
                 425           -1.9479971
                 426           -1.9039972
                 427           -2.1999969
                 428            -2.027997
                 429           -2.1999969
                 430           -1.8599973
                 431           -2.1159971
                 432           -2.1999969
                 433           -1.9879972
                 434           -1.8199973
                 435           -2.1159971
                 436           -2.1159971
                 437            -2.031997
                 438           -2.1159971
                 439           -2.1999969
                 440           -2.1999969
                 441           -1.9879972
                 442            -2.031997
                 443           -1.7319974
                 444           -2.1999969
                 445           -1.9879972
                 446           -1.8199973
                 447           -2.0719972
                 448           -1.8479974
                 449           -1.8959973
                 450            -2.031997
                 451           -2.1999969
                 452           -1.8639972
                 453           -1.8599973
                 454           -1.5119977
                 455           -1.5159976
                 456           -1.8599973
                 457           -1.9479971
                 458            -2.031997
                 459           -1.9439971
                 460           -2.1159971
                 461            -2.031997
                 462            -2.031997
                 463           -2.1159971
                 464           -1.8639972
                 465           -1.9439971
                 466           -1.5559976
                 467           -1.6799976
                 468           -1.7679974
                 469            -2.031997
                 470           -2.1999969
                 471           -2.1159971
                 472           -1.9879972
                 473           -2.1159971
                 474           -2.0719972
                 475           -1.9039972
                 476           -2.1159971
                 477           -2.1159971
                 478           -1.8599973
                 479           -1.7239975
                 480           -1.8479974
                 481           -1.9879972
                 482           -1.9879972
                 483           -1.9039972
                 484           -1.9479971
                 485           -2.1999969
                 486           -2.1159971
                 487           -1.9399972
                 488           -2.1999969
                 489           -2.1999969
                 490           -2.1159971
                 491           -1.9439971
                 492           -2.1999969
                 493           -2.1999969
                 494           -2.0719972
                 495           -1.8119974
                 496           -1.9479971
                 497           -2.0719972
                 498           -1.8639972
                 499            -2.031997
                 500           -2.1159971
                 501            -2.027997
                 502           -2.0719972
                 503           -2.1159971
                 504           -2.1159971
                 505           -2.1159971
                 506           -1.9479971
                 507           -1.8199973
                 508           -1.9879972
                 509           -2.1999969
                 510           -1.8599973
                 511           -1.6439976
                 512           -1.6039975
                 513           -1.8599973
                 514           -2.1159971
                 515           -1.8959973
                 516           -1.9439971
                 517           -2.1159971
                 518           -1.9439971
                 519           -2.1999969
                 520           -2.1159971
                 521           -1.8639972
                 522           -2.0719972
                 523            -2.031997
                 524            -2.031997
                 525           -1.8559973
                 526           -1.8999972
                 527           -1.9439971
                 528           -1.9479971
                 529           -1.9879972
                 530           -2.1159971
                 531           -1.8159974
                 532           -2.0719972
                 533           -2.1159971
                 534           -2.1159971
                 535           -2.1999969
                 536           -2.1999969
                 537           -2.0719972
                 538           -1.9879972
                 539           -2.1159971
                 540           -2.1159971
                 541           -2.1159971
                 542           -2.0719972
                 543            -2.031997
                 544           -1.8599973
                 545           -1.7759973
                 546           -1.9879972
                 547            -2.031997
                 548           -2.1159971
                 549           -1.9439971
                 550           -2.1159971
                 551           -2.1159971
                 552           -2.1999969
                 553           -2.1159971
                 554           -2.0719972
                 555           -2.1159971
                 556           -2.1159971
                 557           -2.1159971
                 558           -2.1999969
                 559           -2.1159971
                 560            -2.031997
                 561           -2.1159971
                 562           -2.1159971
                 563           -2.1159971
                 564           -1.9879972
                 565           -2.1159971
                 566            -2.031997
                 567           -1.9479971
                 568            -2.031997
                 569            -2.031997
                 570           -1.9039972
                 571           -1.9879972
                 572           -2.0719972
                 573           -2.1999969
                 574           -2.1159971
                 575           -2.0719972
                 576           -2.1999969
                 577           -1.9879972
                 578           -1.9039972
                 579           -1.9879972
                 580           -1.9039972
                 581           -2.1159971
                 582           -2.1999969
                 583           -1.9039972
                 584           -1.9439971
                 585           -2.0719972
                 586           -2.1159971
                 587           -1.8959973
                 588           -1.8199973
                 589           -2.1159971
                 590           -1.8999972
                 591           -1.9439971
                 592            -2.027997
                 593           -2.0719972
                 594           -1.8159974
                 595           -2.0719972
                 596           -2.1159971
                 597           -2.1159971
                 598           -1.8599973
                 599           -1.9879972
                 600           -2.0719972
                 601            -2.031997
                 602           -2.1159971
                 603           -2.0719972
                 604           -2.1999969
                 605           -2.1999969
                 606           -2.1159971
                 607           -2.1159971
                 608           -1.9479971
                 609           -1.8599973
                 610           -1.9039972
                 611            -2.027997
                 612           -2.1159971
                 613           -1.9479971
                 614           -1.9039972
                 615           -1.8639972
                 616           -2.1999969
                 617           -2.1159971
                 618           -2.1159971
                 619           -1.9879972
                 620           -2.1999969
                 621           -2.0719972
                 622           -1.9039972
                 623           -1.7719973
                 624           -1.8519974
                 625           -1.7319974
                 626           -1.6079974
                 627           -1.9039972
                 628           -1.9039972
                 629           -1.7279974
                 630           -1.8599973
                 631           -1.9039972
                 632           -2.1159971
                 633           -2.1999969
                 634           -1.9479971
                 635            -2.031997
                 636           -1.9879972
                 637           -1.8599973
                 638           -2.0719972
                 639           -1.9879972
                 640           -2.1999969
                 641           -2.1999969
                 642           -2.1999969
                 643           -2.1159971
                 644           -1.9479971
                 645           -2.1159971
                 646           -1.9479971
                 647            -2.031997
                 648           -2.1159971
                 649           -2.1999969
                 650           -1.9879972
                 651           -2.1159971
                 652            -2.031997
                 653           -2.1999969
                 654           -2.1999969
                 655           -1.9039972
                 656           -1.8639972
                 657           -1.6479974
                 658            -2.031997
                 659           -2.1999969
                 660            -2.031997
                 661           -1.8599973
                 662           -1.8599973
                 663           -1.8199973
                 664           -1.9879972
                 665           -1.9879972
                 666           -1.8559973
                 667           -1.7319974
                 668           -2.1159971
                 669           -2.1999969
                 670           -1.9039972
                 671           -1.9879972
                 672            -2.031997
                 673            -2.031997
                 674           -2.1159971
                 675           -2.0719972
                 676           -1.9479971
                 677            -2.031997
                 678           -2.1159971
                 679            -2.031997
                 680           -2.1159971
                 681           -2.1999969
                 682           -2.1159971
                 683           -2.1159971
                 684           -1.9439971
                 685           -1.6879975
                 686            -2.031997
                 687           -2.1159971
                 688            -2.031997
                 689           -1.9879972
                 690           -2.1159971
                 691           -2.1159971
                 692           -1.8639972
                 693           -1.9799973
                 694           -1.8159974
                 695           -2.1159971
                 696            -2.031997
                 697           -2.0719972
                 698           -2.1999969
                 699            -2.031997
                 700           -2.1159971
                 701           -2.1999969
                 702           -1.9439971
                 703           -2.1159971
                 704           -1.9439971
                 705           -1.8199973
                 706           -1.7359973
                 707           -2.1159971
                 708           -2.1999969
                 709           -1.9039972
                 710           -2.1999969
                 711           -2.1999969
                 712           -2.1999969
                 713           -1.9879972
                 714            -2.031997
                 715           -2.1999969
                 716            -2.031997
                 717           -2.1159971
                 718           -1.9439971
                 719           -2.0719972
                 720           -2.0719972
                 721           -1.9879972
                 722           -2.1159971
                 723           -1.9479971
                 724           -1.9479971
                 725           -2.1999969
                 726           -2.0719972
                 727           -2.1159971
                 728           -1.8199973
                 729           -2.1159971
                 730           -2.1159971
                 731            -2.031997
                 732           -2.1999969
                 733           -1.9039972
                 734           -1.8599973
                 735           -1.8599973
                 736           -2.1159971
                 737           -2.1999969
                 738            -2.031997
                 739           -2.1159971
                 740           -1.9879972
                 741            -2.031997
                 742            -2.031997
                 743           -2.1999969
                 744           -2.1999969
                 745           -2.1999969
                 746           -2.1999969
                 747            -2.027997
                 748           -2.1159971
                 749           -1.9879972
                 750            -2.031997
                 751           -2.1159971
                 752           -2.1159971
                 753           -2.1159971
                 754           -1.9439971
                 755            -2.031997
                 756            -2.031997
                 757           -2.1159971
                 758           -2.1999969
                 759           -1.8199973
                 760           -1.8639972
                 761           -1.8199973
                 762            -2.031997
                 763           -1.9879972
                 764           -2.0239973
                 765           -1.9399972
                 766           -1.8639972
                 767           -1.6479974
                 768            -2.031997
                 769           -1.9479971
                 770            -2.031997
                 771           -1.9479971
                 772           -1.9479971
                 773           -2.1159971
                 774            -2.031997
                 775            -2.031997
                 776           -1.7759973
                 777           -1.6399976
                 778            -2.031997
                 779            -2.031997
                 780            -2.031997
                 781           -2.1159971
                 782           -2.1999969
                 783           -2.1999969
                 784           -2.1159971
                 785           -2.0719972
                 786           -2.0719972
                 787            -2.031997
                 788           -1.9039972
                 789           -1.6919974
                 790           -1.9479971
                 791           -2.1999969
                 792           -2.1999969
                 793           -2.1159971
                 794           -2.1159971
                 795           -1.9479971
                 796           -1.9879972
                 797           -1.9879972
                 798           -2.1159971
                 799           -1.8599973
                 800           -1.8639972
                 801            -2.031997
                 802           -1.9879972
                 803           -1.7319974
                 804           -1.9039972
                 805           -1.8199973
                 806           -2.1159971
                 807           -2.1999969
                 808           -2.1999969
                 809           -1.8639972
                 810            -2.031997
                 811            -2.031997
                 812           -1.9039972
                 813            -2.031997
                 814           -2.1159971
                 815           -2.1159971
                 816           -1.9479971
                 817           -2.0719972
                 818           -2.1159971
                 819           -1.8199973
                 820           -1.9879972
                 821            -2.031997
                 822           -2.1159971
                 823           -2.1159971
                 824           -2.1999969
                 825           -2.1159971
                 826           -2.1159971
                 827           -1.9479971
                 828           -2.1999969
                 829           -2.1999969
                 830           -2.1159971
                 831           -2.0719972
                 832           -1.9479971
                 833           -2.1999969
                 834           -2.1999969
                 835           -1.9479971
                 836            -2.031997
                 837           -2.1999969
                 838           -2.1159971
                 839            -2.031997
                 840            -2.031997
                 841           -2.1999969
                 842           -1.8639972
                 843           -2.1159971
                 844           -2.1999969
                 845           -2.1999969
                 846            -2.031997
                 847           -1.9039972
                 848           -1.9479971
                 849           -2.1999969
                 850           -2.1999969
                 851           -2.1999969
                 852           -1.9879972
                 853           -2.1999969
                 854           -2.1159971
                 855            -2.031997
                 856           -1.9879972
                 857           -1.9799973
                 858           -2.1159971
                 859           -1.9879972
                 860            -2.031997
                 861            -2.031997
                 862           -2.1159971
                 863           -2.1159971
                 864           -1.8639972
                 865           -1.7319974
                 866           -1.6919974
                 867           -1.7799972
                 868           -2.1159971
                 869           -2.1159971
                 870           -1.8599973
                 871           -1.9879972
                 872           -1.9479971
                 873           -1.9479971
                 874           -2.1159971
                 875           -2.1999969
                 876            -2.031997
                 877           -2.1159971
                 878           -1.7759973
                 879           -1.9399972
                 880           -1.9359974
                 881           -1.7679974
                 882           -1.8599973
                 883           -1.7679974
                 884           -1.5999975
                 885           -1.9439971
                 886           -1.8159974
                 887           -2.0719972
                 888           -1.9479971
                 889            -2.031997
                 890           -2.1159971
                 891            -2.031997
                 892            -2.031997
                 893           -2.1159971
                 894           -2.0719972
                 895            -2.031997
                 896            -2.031997
                 897           -1.9879972
                 898           -1.9039972
                 899           -1.8119974
                 900           -1.7359973
                 901           -1.8199973
                 902           -1.9879972
                 903           -1.6039975
                 904           -1.9039972
                 905            -2.031997
                 906           -1.9479971
                 907            -2.031997
                 908           -2.1999969
                 909           -2.1159971
                 910           -1.9759973
                 911           -1.7759973
                 912           -1.9439971
                 913           -1.9439971
                 914           -2.1159971
                 915           -2.1999969
                 916           -2.1999969
                 917           -2.1159971
                 918           -1.9479971
                 919           -2.1999969
                 920           -1.9479971
                 921            -2.031997
                 922           -2.1159971
                 923           -2.1159971
                 924           -2.1159971
                 925           -2.1159971
                 926           -2.1999969
                 927           -2.1999969
                 928           -1.9479971
                 929           -1.9479971
                 930           -1.7759973
                 931           -2.1159971
                 932           -1.9479971
                 933           -2.1159971
                 934           -1.8599973
                 935           -1.9439971
                 936           -2.1159971
                 937            -2.031997
                 938           -1.9039972
                 939           -1.8159974
                 940           -1.9439971
                 941           -1.9879972
                 942            -2.031997
                 943           -1.9439971
                 944           -1.6039975
                 945           -1.9479971
                 946           -2.1159971
                 947           -2.1999969
                 948           -1.9039972
                 949           -2.1159971
                 950           -1.9879972
                 951            -2.031997
                 952           -2.1159971
                 953           -1.9479971
                 954           -2.1999969
                 955           -2.1159971
                 956           -2.1159971
                 957           -2.1159971
                 958           -1.9479971
                 959           -1.8639972
                 960           -1.9839972
                 961           -2.1159971
                 962           -2.1159971
                 963           -1.8639972
                 964           -1.9479971
                 965            -2.031997
                 966           -2.1159971
                 967           -2.1999969
                 968           -2.1999969
                 969           -2.1159971
                 970           -2.1999969
                 971           -1.9039972
                 972           -1.9039972
                 973           -1.9879972
                 974            -2.031997
                 975           -2.1999969
                 976           -1.8519974
                 977           -1.4759976
                 978           -1.8639972
                 979           -1.9439971
                 980           -2.1159971
                 981           -1.9879972
                 982           -2.1999969
                 983           -2.0719972
                 984           -2.1159971
                 985           -1.9879972
                 986           -1.9039972
                 987           -1.9039972
                 988           -1.8639972
                 989           -2.1159971
                 990            -2.031997
                 991           -2.1999969
                 992           -2.1159971
                 993           -2.1159971
                 994           -2.1159971
                 995           -1.9879972
                 996           -1.7319974
                 997           -1.7359973
                 998           -1.8599973
                 999           -1.9879972
                1000           -2.1999969
