                   1          -0.80320752
                   2           -1.0304097
                   3           -1.0944107
                   4           -1.1416116
                   5           -1.2000122
                   6           -1.2000122
                   7           -1.2000122
                   8           -1.2000122
                   9           -1.2000122
                  10           -1.2000122
                  11           -1.2000122
                  12           -1.2000122
                  13           -1.2000122
                  14           -1.2000122
                  15           -1.2000122
                  16           -1.2000122
                  17           -1.2000122
                  18           -1.2000122
                  19           -1.2000122
                  20           -1.2000122
                  21           -1.2000122
                  22           -1.2000122
                  23           -1.2000122
                  24           -1.2000122
                  25           -1.2000122
                  26           -1.2000122
                  27           -1.2000122
                  28           -1.2000122
                  29           -1.2000122
                  30           -1.2000122
                  31           -1.2000122
                  32           -1.2000122
                  33           -1.2000122
                  34           -1.2000122
                  35           -1.2000122
                  36           -1.2000122
                  37           -1.2000122
                  38           -1.2000122
                  39           -1.2000122
                  40           -1.2000122
                  41           -1.2000122
                  42           -1.2000122
                  43           -1.2000122
                  44           -1.2000122
                  45           -1.2000122
                  46           -1.2000122
                  47           -1.2000122
                  48           -1.2000122
                  49           -1.2000122
                  50           -1.2000122
                  51           -1.2000122
                  52           -1.2000122
                  53           -1.2000122
                  54           -1.2000122
                  55           -1.2000122
                  56           -1.2000122
                  57           -1.2000122
                  58           -1.2000122
                  59           -1.2000122
                  60           -1.2000122
                  61           -1.2000122
                  62           -1.2000122
                  63           -1.2000122
                  64           -1.2000122
                  65           -1.2000122
                  66           -1.2000122
                  67           -1.2000122
                  68           -1.2000122
                  69           -1.2000122
                  70           -1.2000122
                  71           -1.2000122
                  72           -1.2000122
                  73           -1.2000122
                  74           -1.2000122
                  75           -1.2000122
                  76           -1.2000122
                  77           -1.2000122
                  78           -1.2000122
                  79           -1.2000122
                  80           -1.2000122
                  81           -1.2000122
                  82           -1.2000122
                  83           -1.2000122
                  84           -1.2000122
                  85           -1.2000122
                  86           -1.2000122
                  87           -1.2000122
                  88           -1.2000122
                  89           -1.2000122
                  90           -1.2000122
                  91           -1.2000122
                  92           -1.2000122
                  93           -1.2000122
                  94           -1.2000122
                  95           -1.2000122
                  96           -1.2000122
                  97           -1.2000122
                  98           -1.2000122
                  99           -1.2000122
                 100           -1.2000122
                 101           -1.2000122
                 102           -1.2000122
                 103           -1.2000122
                 104           -1.2000122
                 105           -1.2000122
                 106           -1.2000122
                 107           -1.2000122
                 108           -1.2000122
                 109           -1.2000122
                 110           -1.2000122
                 111           -1.2000122
                 112           -1.2000122
                 113           -1.2000122
                 114           -1.2000122
                 115           -1.2000122
                 116           -1.2000122
                 117           -1.2000122
                 118           -1.2000122
                 119           -1.2000122
                 120           -1.2000122
                 121           -1.2000122
                 122           -1.2000122
                 123           -1.2000122
                 124           -1.2000122
                 125           -1.2000122
                 126           -1.2000122
                 127           -1.2000122
                 128           -1.2000122
                 129           -1.2000122
                 130           -1.2000122
                 131           -1.2000122
                 132           -1.2000122
                 133           -1.2000122
                 134           -1.2000122
                 135           -1.2000122
                 136           -1.2000122
                 137           -1.2000122
                 138           -1.2000122
                 139           -1.2000122
                 140           -1.2000122
                 141           -1.2000122
                 142           -1.2000122
                 143           -1.2000122
                 144           -1.2000122
                 145           -1.2000122
                 146           -1.2000122
                 147           -1.2000122
                 148           -1.2000122
                 149           -1.2000122
                 150           -1.2000122
                 151           -1.2000122
                 152           -1.2000122
                 153           -1.2000122
                 154           -1.2000122
                 155           -1.2000122
                 156           -1.2000122
                 157           -1.2000122
                 158           -1.2000122
                 159           -1.2000122
                 160           -1.2000122
                 161           -1.2000122
                 162           -1.2000122
                 163           -1.2000122
                 164           -1.2000122
                 165           -1.2000122
                 166           -1.2000122
                 167           -1.2000122
                 168           -1.2000122
                 169           -1.2000122
                 170           -1.2000122
                 171           -1.2000122
                 172           -1.2000122
                 173           -1.2000122
                 174           -1.2000122
                 175           -1.2000122
                 176           -1.2000122
                 177           -1.2000122
                 178           -1.2000122
                 179           -1.2000122
                 180           -1.2000122
                 181           -1.2000122
                 182           -1.2000122
                 183           -1.2000122
                 184           -1.2000122
                 185           -1.2000122
                 186           -1.2000122
                 187           -1.2000122
                 188           -1.2000122
                 189           -1.2000122
                 190           -1.2000122
                 191           -1.2000122
                 192           -1.2000122
                 193           -1.2000122
                 194           -1.2000122
                 195           -1.2000122
                 196           -1.2000122
                 197           -1.2000122
                 198           -1.2000122
                 199           -1.2000122
                 200           -1.2000122
                 201           -1.2000122
                 202           -1.2000122
                 203           -1.2000122
                 204           -1.2000122
                 205           -1.2000122
                 206           -1.2000122
                 207           -1.2000122
                 208           -1.2000122
                 209           -1.2000122
                 210           -1.2000122
                 211           -1.2000122
                 212           -1.2000122
                 213           -1.2000122
                 214           -1.2000122
                 215           -1.2000122
                 216           -1.2000122
                 217           -1.2000122
                 218           -1.2000122
                 219           -1.2000122
                 220           -1.2000122
                 221           -1.2000122
                 222           -1.2000122
                 223           -1.2000122
                 224           -1.2000122
                 225           -1.2000122
                 226           -1.2000122
                 227           -1.2000122
                 228           -1.2000122
                 229           -1.2000122
                 230           -1.2000122
                 231           -1.2000122
                 232           -1.2000122
                 233           -1.2000122
                 234           -1.2000122
                 235           -1.2000122
                 236           -1.2000122
                 237           -1.2000122
                 238           -1.2000122
                 239           -1.2000122
                 240           -1.2000122
                 241           -1.2000122
                 242           -1.2000122
                 243           -1.2000122
                 244           -1.2000122
                 245           -1.2000122
                 246           -1.2000122
                 247           -1.2000122
                 248           -1.2000122
                 249           -1.2000122
                 250           -1.2000122
                 251           -1.2000122
                 252           -1.2000122
                 253           -1.2000122
                 254           -1.2000122
                 255           -1.2000122
                 256           -1.2000122
                 257           -1.2000122
                 258           -1.2000122
                 259           -1.2000122
                 260           -1.2000122
                 261           -1.2000122
                 262           -1.2000122
                 263           -1.1912122
                 264           -1.1912122
                 265           -1.2000122
                 266           -1.2000122
                 267           -1.2000122
                 268           -1.2000122
                 269           -1.2000122
                 270           -1.2000122
                 271           -1.2000122
                 272           -1.2000122
                 273           -1.2000122
                 274           -1.2000122
                 275           -1.2000122
                 276           -1.2000122
                 277           -1.2000122
                 278           -1.2000122
                 279           -1.2000122
                 280           -1.2000122
                 281           -1.2000122
                 282           -1.2000122
                 283           -1.2000122
                 284           -1.2000122
                 285           -1.2000122
                 286           -1.2000122
                 287           -1.2000122
                 288           -1.2000122
                 289           -1.2000122
                 290           -1.2000122
                 291           -1.2000122
                 292           -1.2000122
                 293           -1.2000122
                 294           -1.2000122
                 295           -1.2000122
                 296           -1.2000122
                 297           -1.2000122
                 298           -1.2000122
                 299           -1.2000122
                 300           -1.2000122
                 301           -1.2000122
                 302           -1.2000122
                 303           -1.2000122
                 304           -1.2000122
                 305           -1.2000122
                 306           -1.2000122
                 307           -1.2000122
                 308           -1.2000122
                 309           -1.2000122
                 310           -1.2000122
                 311           -1.2000122
                 312           -1.2000122
                 313           -1.2000122
                 314           -1.2000122
                 315           -1.2000122
                 316           -1.2000122
                 317           -1.2000122
                 318           -1.2000122
                 319           -1.2000122
                 320           -1.2000122
                 321           -1.2000122
                 322           -1.2000122
                 323           -1.2000122
                 324           -1.2000122
                 325           -1.2000122
                 326           -1.2000122
                 327           -1.2000122
                 328           -1.2000122
                 329           -1.2000122
                 330           -1.2000122
                 331           -1.2000122
                 332           -1.2000122
                 333           -1.2000122
                 334           -1.2000122
                 335           -1.2000122
                 336           -1.2000122
                 337           -1.2000122
                 338           -1.2000122
                 339           -1.2000122
                 340           -1.2000122
                 341           -1.2000122
                 342           -1.2000122
                 343           -1.2000122
                 344           -1.2000122
                 345           -1.2000122
                 346           -1.2000122
                 347           -1.2000122
                 348           -1.2000122
                 349           -1.2000122
                 350           -1.2000122
                 351           -1.2000122
                 352           -1.2000122
                 353           -1.2000122
                 354           -1.2000122
                 355           -1.2000122
                 356           -1.2000122
                 357           -1.2000122
                 358           -1.2000122
                 359           -1.2000122
                 360           -1.2000122
                 361           -1.2000122
                 362           -1.2000122
                 363           -1.2000122
                 364           -1.2000122
                 365           -1.2000122
                 366           -1.2000122
                 367           -1.2000122
                 368           -1.2000122
                 369           -1.2000122
                 370           -1.2000122
                 371           -1.2000122
                 372           -1.2000122
                 373           -1.2000122
                 374           -1.2000122
                 375           -1.2000122
                 376           -1.2000122
                 377           -1.2000122
                 378           -1.2000122
                 379           -1.2000122
                 380           -1.2000122
                 381           -1.2000122
                 382           -1.2000122
                 383           -1.2000122
                 384           -1.2000122
                 385           -1.2000122
                 386           -1.2000122
                 387           -1.2000122
                 388           -1.2000122
                 389           -1.2000122
                 390           -1.2000122
                 391           -1.2000122
                 392           -1.2000122
                 393           -1.2000122
                 394           -1.2000122
                 395           -1.2000122
                 396           -1.2000122
                 397           -1.2000122
                 398           -1.2000122
                 399           -1.2000122
                 400           -1.2000122
                 401           -1.2000122
                 402           -1.2000122
                 403           -1.2000122
                 404           -1.2000122
                 405           -1.2000122
                 406           -1.2000122
                 407           -1.2000122
                 408           -1.2000122
                 409           -1.2000122
                 410           -1.2000122
                 411           -1.2000122
                 412           -1.2000122
                 413           -1.2000122
                 414           -1.2000122
                 415           -1.2000122
                 416           -1.2000122
                 417           -1.2000122
                 418           -1.2000122
                 419           -1.2000122
                 420           -1.2000122
                 421           -1.2000122
                 422           -1.2000122
                 423           -1.2000122
                 424           -1.2000122
                 425           -1.2000122
                 426           -1.2000122
                 427           -1.2000122
                 428           -1.2000122
                 429           -1.2000122
                 430           -1.2000122
                 431           -1.2000122
                 432           -1.2000122
                 433           -1.2000122
                 434           -1.2000122
                 435           -1.2000122
                 436           -1.2000122
                 437           -1.2000122
                 438           -1.2000122
                 439           -1.2000122
                 440           -1.2000122
                 441           -1.2000122
                 442           -1.2000122
                 443           -1.2000122
                 444           -1.2000122
                 445           -1.2000122
                 446           -1.2000122
                 447           -1.2000122
                 448           -1.2000122
                 449           -1.2000122
                 450           -1.2000122
                 451           -1.2000122
                 452           -1.2000122
                 453           -1.2000122
                 454           -1.2000122
                 455           -1.2000122
                 456           -1.2000122
                 457           -1.2000122
                 458           -1.2000122
                 459           -1.2000122
                 460           -1.2000122
                 461           -1.2000122
                 462           -1.2000122
                 463           -1.2000122
                 464           -1.2000122
                 465           -1.2000122
                 466           -1.2000122
                 467           -1.2000122
                 468           -1.2000122
                 469           -1.2000122
                 470           -1.2000122
                 471           -1.2000122
                 472           -1.2000122
                 473           -1.2000122
                 474           -1.2000122
                 475           -1.2000122
                 476           -1.2000122
                 477           -1.2000122
                 478           -1.2000122
                 479           -1.2000122
                 480           -1.2000122
                 481           -1.2000122
                 482           -1.2000122
                 483           -1.2000122
                 484           -1.2000122
                 485           -1.2000122
                 486           -1.2000122
                 487           -1.2000122
                 488           -1.2000122
                 489           -1.2000122
                 490           -1.2000122
                 491           -1.2000122
                 492           -1.2000122
                 493           -1.2000122
                 494           -1.2000122
                 495           -1.2000122
                 496           -1.2000122
                 497           -1.2000122
                 498           -1.2000122
                 499           -1.2000122
                 500           -1.2000122
                 501           -1.2000122
                 502           -1.2000122
                 503           -1.2000122
                 504           -1.2000122
                 505           -1.2000122
                 506           -1.2000122
                 507           -1.2000122
                 508           -1.2000122
                 509           -1.2000122
                 510           -1.2000122
                 511           -1.2000122
                 512           -1.2000122
                 513           -1.2000122
                 514           -1.2000122
                 515           -1.2000122
                 516           -1.2000122
                 517           -1.2000122
                 518           -1.2000122
                 519           -1.2000122
                 520           -1.2000122
                 521           -1.2000122
                 522           -1.2000122
                 523           -1.2000122
                 524           -1.2000122
                 525           -1.2000122
                 526           -1.2000122
                 527           -1.2000122
                 528           -1.2000122
                 529           -1.2000122
                 530           -1.2000122
                 531           -1.2000122
                 532           -1.2000122
                 533           -1.2000122
                 534           -1.2000122
                 535           -1.2000122
                 536           -1.2000122
                 537           -1.2000122
                 538           -1.2000122
                 539           -1.2000122
                 540           -1.2000122
                 541           -1.2000122
                 542           -1.2000122
                 543           -1.2000122
                 544           -1.2000122
                 545           -1.2000122
                 546           -1.2000122
                 547           -1.2000122
                 548           -1.2000122
                 549           -1.2000122
                 550           -1.2000122
                 551           -1.2000122
                 552           -1.2000122
                 553           -1.2000122
                 554           -1.2000122
                 555           -1.2000122
                 556           -1.2000122
                 557           -1.2000122
                 558           -1.2000122
                 559           -1.2000122
                 560           -1.2000122
                 561           -1.2000122
                 562           -1.2000122
                 563           -1.2000122
                 564           -1.2000122
                 565           -1.2000122
                 566           -1.2000122
                 567           -1.2000122
                 568           -1.2000122
                 569           -1.2000122
                 570           -1.2000122
                 571           -1.2000122
                 572           -1.2000122
                 573           -1.2000122
                 574           -1.2000122
                 575           -1.2000122
                 576           -1.2000122
                 577           -1.2000122
                 578           -1.2000122
                 579           -1.2000122
                 580           -1.2000122
                 581           -1.2000122
                 582           -1.2000122
                 583           -1.2000122
                 584           -1.2000122
                 585           -1.2000122
                 586           -1.2000122
                 587           -1.2000122
                 588           -1.2000122
                 589           -1.2000122
                 590           -1.2000122
                 591           -1.2000122
                 592           -1.2000122
                 593           -1.2000122
                 594           -1.2000122
                 595           -1.2000122
                 596           -1.2000122
                 597           -1.2000122
                 598           -1.2000122
                 599           -1.2000122
                 600           -1.2000122
                 601           -1.2000122
                 602           -1.2000122
                 603           -1.2000122
                 604           -1.2000122
                 605           -1.2000122
                 606           -1.2000122
                 607           -1.2000122
                 608           -1.2000122
                 609           -1.2000122
                 610           -1.2000122
                 611           -1.2000122
                 612           -1.2000122
                 613           -1.2000122
                 614           -1.2000122
                 615           -1.2000122
                 616           -1.2000122
                 617           -1.2000122
                 618           -1.2000122
                 619           -1.2000122
                 620           -1.2000122
                 621           -1.2000122
                 622           -1.2000122
                 623           -1.2000122
                 624           -1.2000122
                 625           -1.2000122
                 626           -1.2000122
                 627           -1.2000122
                 628           -1.2000122
                 629           -1.2000122
                 630           -1.2000122
                 631           -1.2000122
                 632           -1.2000122
                 633           -1.2000122
                 634           -1.2000122
                 635           -1.2000122
                 636           -1.2000122
                 637           -1.2000122
                 638           -1.2000122
                 639           -1.2000122
                 640           -1.2000122
                 641           -1.2000122
                 642           -1.2000122
                 643           -1.2000122
                 644           -1.2000122
                 645           -1.2000122
                 646           -1.2000122
                 647           -1.2000122
                 648           -1.2000122
                 649           -1.2000122
                 650           -1.2000122
                 651           -1.2000122
                 652           -1.2000122
                 653           -1.2000122
                 654           -1.2000122
                 655           -1.2000122
                 656           -1.2000122
                 657           -1.2000122
                 658           -1.2000122
                 659           -1.2000122
                 660           -1.2000122
                 661           -1.2000122
                 662           -1.2000122
                 663           -1.2000122
                 664           -1.2000122
                 665           -1.2000122
                 666           -1.2000122
                 667           -1.2000122
                 668           -1.2000122
                 669           -1.2000122
                 670           -1.2000122
                 671           -1.2000122
                 672           -1.2000122
                 673           -1.2000122
                 674           -1.2000122
                 675           -1.2000122
                 676           -1.2000122
                 677           -1.2000122
                 678           -1.2000122
                 679           -1.2000122
                 680           -1.2000122
                 681           -1.2000122
                 682           -1.2000122
                 683           -1.2000122
                 684           -1.2000122
                 685           -1.2000122
                 686           -1.2000122
                 687           -1.2000122
                 688           -1.2000122
                 689           -1.2000122
                 690           -1.2000122
                 691           -1.2000122
                 692           -1.2000122
                 693           -1.2000122
                 694           -1.2000122
                 695           -1.2000122
                 696           -1.2000122
                 697           -1.2000122
                 698           -1.2000122
                 699           -1.2000122
                 700           -1.2000122
                 701           -1.2000122
                 702           -1.2000122
                 703           -1.2000122
                 704           -1.2000122
                 705           -1.2000122
                 706           -1.2000122
                 707           -1.2000122
                 708           -1.2000122
                 709           -1.2000122
                 710           -1.2000122
                 711           -1.2000122
                 712           -1.2000122
                 713           -1.2000122
                 714           -1.2000122
                 715           -1.2000122
                 716           -1.2000122
                 717           -1.2000122
                 718           -1.2000122
                 719           -1.2000122
                 720           -1.2000122
                 721           -1.2000122
                 722           -1.2000122
                 723           -1.2000122
                 724           -1.2000122
                 725           -1.2000122
                 726           -1.2000122
                 727           -1.2000122
                 728           -1.2000122
                 729           -1.2000122
                 730           -1.2000122
                 731           -1.2000122
                 732           -1.2000122
                 733           -1.2000122
                 734           -1.2000122
                 735           -1.2000122
                 736           -1.2000122
                 737           -1.2000122
                 738           -1.2000122
                 739           -1.2000122
                 740           -1.2000122
                 741           -1.2000122
                 742           -1.2000122
                 743           -1.2000122
                 744           -1.2000122
                 745           -1.2000122
                 746           -1.2000122
                 747           -1.2000122
                 748           -1.2000122
                 749           -1.2000122
                 750           -1.2000122
                 751           -1.2000122
                 752           -1.2000122
                 753           -1.2000122
                 754           -1.2000122
                 755           -1.2000122
                 756           -1.2000122
                 757           -1.2000122
                 758           -1.2000122
                 759           -1.2000122
                 760           -1.2000122
                 761           -1.2000122
                 762           -1.2000122
                 763           -1.2000122
                 764           -1.2000122
                 765           -1.2000122
                 766           -1.2000122
                 767           -1.2000122
                 768           -1.2000122
                 769           -1.2000122
                 770           -1.2000122
                 771           -1.2000122
                 772           -1.2000122
                 773           -1.2000122
                 774           -1.2000122
                 775           -1.2000122
                 776           -1.2000122
                 777           -1.2000122
                 778           -1.2000122
                 779           -1.2000122
                 780           -1.2000122
                 781           -1.2000122
                 782           -1.2000122
                 783           -1.2000122
                 784           -1.2000122
                 785           -1.2000122
                 786           -1.2000122
                 787           -1.2000122
                 788           -1.2000122
                 789           -1.2000122
                 790           -1.2000122
                 791           -1.2000122
                 792           -1.2000122
                 793           -1.2000122
                 794           -1.2000122
                 795           -1.2000122
                 796           -1.2000122
                 797           -1.2000122
                 798           -1.2000122
                 799           -1.2000122
                 800           -1.2000122
                 801           -1.2000122
                 802           -1.2000122
                 803           -1.2000122
                 804           -1.2000122
                 805           -1.2000122
                 806           -1.2000122
                 807           -1.2000122
                 808           -1.2000122
                 809           -1.2000122
                 810           -1.2000122
                 811           -1.2000122
                 812           -1.2000122
                 813           -1.2000122
                 814           -1.2000122
                 815           -1.2000122
                 816           -1.2000122
                 817           -1.2000122
                 818           -1.2000122
                 819           -1.2000122
                 820           -1.2000122
                 821           -1.2000122
                 822           -1.2000122
                 823           -1.2000122
                 824           -1.2000122
                 825           -1.2000122
                 826           -1.2000122
                 827           -1.2000122
                 828           -1.2000122
                 829           -1.2000122
                 830           -1.2000122
                 831           -1.2000122
                 832           -1.2000122
                 833           -1.2000122
                 834           -1.2000122
                 835           -1.2000122
                 836           -1.2000122
                 837           -1.2000122
                 838           -1.2000122
                 839           -1.2000122
                 840           -1.2000122
                 841           -1.2000122
                 842           -1.2000122
                 843           -1.2000122
                 844           -1.2000122
                 845           -1.2000122
                 846           -1.2000122
                 847           -1.2000122
                 848           -1.2000122
                 849           -1.2000122
                 850           -1.2000122
                 851           -1.2000122
                 852           -1.2000122
                 853           -1.2000122
                 854           -1.2000122
                 855           -1.2000122
                 856           -1.2000122
                 857           -1.2000122
                 858           -1.2000122
                 859           -1.2000122
                 860           -1.2000122
                 861           -1.2000122
                 862           -1.2000122
                 863           -1.2000122
                 864           -1.2000122
                 865           -1.2000122
                 866           -1.2000122
                 867           -1.2000122
                 868           -1.2000122
                 869           -1.2000122
                 870           -1.2000122
                 871           -1.2000122
                 872           -1.2000122
                 873           -1.2000122
                 874           -1.2000122
                 875           -1.2000122
                 876           -1.2000122
                 877           -1.2000122
                 878           -1.2000122
                 879           -1.2000122
                 880           -1.2000122
                 881           -1.2000122
                 882           -1.2000122
                 883           -1.2000122
                 884           -1.2000122
                 885           -1.2000122
                 886           -1.2000122
                 887           -1.2000122
                 888           -1.2000122
                 889           -1.2000122
                 890           -1.2000122
                 891           -1.2000122
                 892           -1.2000122
                 893           -1.2000122
                 894           -1.2000122
                 895           -1.2000122
                 896           -1.2000122
                 897           -1.2000122
                 898           -1.2000122
                 899           -1.2000122
                 900           -1.2000122
                 901           -1.2000122
                 902           -1.2000122
                 903           -1.2000122
                 904           -1.2000122
                 905           -1.2000122
                 906           -1.2000122
                 907           -1.2000122
                 908           -1.2000122
                 909           -1.2000122
                 910           -1.2000122
                 911           -1.2000122
                 912           -1.2000122
                 913           -1.2000122
                 914           -1.2000122
                 915           -1.2000122
                 916           -1.2000122
                 917           -1.2000122
                 918           -1.2000122
                 919           -1.2000122
                 920           -1.2000122
                 921           -1.2000122
                 922           -1.2000122
                 923           -1.2000122
                 924           -1.2000122
                 925           -1.2000122
                 926           -1.2000122
                 927           -1.2000122
                 928           -1.2000122
                 929           -1.2000122
                 930           -1.2000122
                 931           -1.2000122
                 932           -1.2000122
                 933           -1.2000122
                 934           -1.2000122
                 935           -1.2000122
                 936           -1.2000122
                 937           -1.2000122
                 938           -1.2000122
                 939           -1.2000122
                 940           -1.2000122
                 941           -1.2000122
                 942           -1.2000122
                 943           -1.2000122
                 944           -1.2000122
                 945           -1.2000122
                 946           -1.2000122
                 947           -1.2000122
                 948           -1.2000122
                 949           -1.2000122
                 950           -1.2000122
                 951           -1.2000122
                 952           -1.2000122
                 953           -1.2000122
                 954           -1.2000122
                 955           -1.2000122
                 956           -1.2000122
                 957           -1.2000122
                 958           -1.2000122
                 959           -1.2000122
                 960           -1.2000122
                 961           -1.2000122
                 962           -1.2000122
                 963           -1.2000122
                 964           -1.2000122
                 965           -1.2000122
                 966           -1.2000122
                 967           -1.2000122
                 968           -1.2000122
                 969           -1.2000122
                 970           -1.2000122
                 971           -1.2000122
                 972           -1.2000122
                 973           -1.2000122
                 974           -1.2000122
                 975           -1.2000122
                 976           -1.2000122
                 977           -1.2000122
                 978           -1.2000122
                 979           -1.2000122
                 980           -1.2000122
                 981           -1.2000122
                 982           -1.2000122
                 983           -1.2000122
                 984           -1.2000122
                 985           -1.2000122
                 986           -1.2000122
                 987           -1.2000122
                 988           -1.2000122
                 989           -1.2000122
                 990           -1.2000122
                 991           -1.2000122
                 992           -1.2000122
                 993           -1.2000122
                 994           -1.2000122
                 995           -1.2000122
                 996           -1.2000122
                 997           -1.2000122
                 998           -1.2000122
                 999           -1.2000122
                1000           -1.2000122
