                   1          -0.85000014
                   2          -0.62500012
                   3          -0.52499998
                   4           -1.1250005
                   5          -0.42500007
                   6          -0.62500012
                   7          -0.24999999
                   8          -0.57499993
                   9         -0.075000003
                  10           0.22499998
                  11          -0.62500012
                  12           0.47500002
                  13          -0.29999995
                  14          -0.22499998
                  15           0.27499998
                  16          -0.19999997
                  17           -0.6500001
                  18          -0.52499998
                  19          -0.29999995
                  20           0.47500002
                  21          -0.19999997
                  22          -0.22499998
                  23         -0.024999999
                  24         -0.075000003
                  25          0.025000002
                  26         -0.025000002
                  27           0.19999997
                  28           -0.3499999
                  29          -0.70000005
                  30          -0.27499998
                  31          -0.52499998
                  32                  0.5
                  33                  0.5
                  34           -0.6500001
                  35          -0.77499998
                  36           0.45000005
                  37          -0.47500002
                  38          -0.17499997
                  39          -0.79999995
                  40           0.19999999
                  41          -0.27499998
                  42          -0.57499993
                  43           0.42500007
                  44          -0.47500002
                  45           0.22499998
                  46                    0
                  47          -0.22499998
                  48          -0.79999995
                  49          -0.32499993
                  50          -0.27499998
                  51           0.77499998
                  52          -0.32499993
                  53          -0.27499998
                  54          -0.24999999
                  55          -0.24999999
                  56           -0.6500001
                  57           -0.6500001
                  58               -0.025
                  59          -0.47500002
                  60          -0.32499993
                  61          -0.45000005
                  62          -0.17499998
                  63          -0.52499998
                  64                 -0.5
                  65          -0.24999999
                  66          -0.27499998
                  67           0.22499998
                  68          -0.27499998
                  69         -0.025000002
                  70           0.52499998
                  71         -0.050000001
                  72          -0.32499993
                  73           0.19999997
                  74           0.19999999
                  75           -0.3499999
                  76         -0.025000002
                  77           -0.8499999
                  78          -0.32499993
                  79           0.29999995
                  80          0.050000001
                  81          0.024999999
                  82          -0.24999999
                  83        1.8626451e-09
                  84         -0.049999997
                  85          0.024999999
                  86         -0.075000003
                  87           0.29999995
                  88          -0.62499988
                  89           -1.1500006
                  90          -0.47500002
                  91          -0.32499993
                  92         -0.075000003
                  93           0.27499998
                  94           0.24999999
                  95          -0.54999995
                  96          0.025000002
                  97          0.050000001
                  98           -1.1500006
                  99          -0.22499998
                 100           0.29999995
                 101           -0.4000001
                 102          -0.27499998
                 103           -0.3499999
                 104           -0.5999999
                 105         -0.025000002
                 106          -0.57499993
                 107           0.42500007
                 108           0.29999995
                 109          -0.22499999
                 110          -0.24999999
                 111          -0.24999999
                 112          -0.37500012
                 113          -0.42500007
                 114          -0.87499988
                 115                -0.25
                 116         -0.024999999
                 117          -0.52499998
                 118          -0.57499993
                 119          -0.52499998
                 120         -0.050000001
                 121          0.025000002
                 122         -0.075000003
                 123          -0.27499998
                 124          -0.19999999
                 125          -0.54999995
                 126          -0.17499998
                 127                  0.5
                 128          -0.29999995
                 129           -0.8499999
                 130          -0.82499993
                 131          -0.52499998
                 132                -0.25
                 133           -1.6750007
                 134                0.025
                 135         -0.075000003
                 136          -0.19999999
                 137           0.22499999
                 138          -0.52499998
                 139           -0.3499999
                 140                 0.25
                 141           -0.3499999
                 142          -0.27499998
                 143          -0.87499988
                 144          -0.29999995
                 145        1.8626451e-09
                 146           -0.8499999
                 147           -0.3499999
                 148          -0.87499988
                 149           0.27499998
                 150         -0.025000002
                 151          -0.54999995
                 152           0.27499998
                 153          -0.32499993
                 154           -0.8499999
                 155          -0.27499998
                 156           -1.4000006
                 157          0.050000001
                 158           0.29999995
                 159          -0.57499993
                 160                 0.75
                 161           0.22499999
                 162         -0.050000001
                 163          -0.29999995
                 164          -0.19999999
                 165         -0.025000002
                 166          -0.29999995
                 167           0.24999999
                 168           -0.4000001
                 169        1.8626451e-09
                 170         -0.025000002
                 171         -0.025000002
                 172          -0.29999995
                 173                 -0.5
                 174          -0.10000001
                 175          0.024999999
                 176          -0.17499997
                 177           -0.8499999
                 178          -0.54999995
                 179          -0.54999995
                 180          -0.22499998
                 181         -0.050000001
                 182          -0.17499998
                 183        1.8626451e-09
                 184          -0.54999995
                 185           0.22499998
                 186          0.025000002
                 187           -1.4000006
                 188          -0.87499988
                 189         -0.025000002
                 190          -0.47500002
                 191          -0.14999998
                 192       -1.8626451e-09
                 193          -0.54999995
                 194           0.17499998
                 195          -0.62499988
                 196          -0.24999999
                 197          -0.32499993
                 198          -0.32499993
                 199          -0.54999995
                 200           0.47500002
                 201          0.025000002
                 202       -1.8626451e-09
                 203         -0.050000001
                 204           0.24999999
                 205          -0.27499998
                 206         -0.075000003
                 207          -0.24999999
                 208           -0.5999999
                 209        1.8626451e-09
                 210           -0.4000001
                 211          -0.62500012
                 212           -0.4000001
                 213           -1.3249993
                 214          -0.19999999
                 215         -0.050000001
                 216           -0.8499999
                 217         -0.025000002
                 218           0.22499998
                 219                 -0.5
                 220       -1.8626451e-09
                 221                    0
                 222           -0.5999999
                 223          -0.29999995
                 224           0.27499998
                 225          -0.32499993
                 226           -0.4000001
                 227         -0.050000001
                 228          -0.17499998
                 229          -0.22499998
                 230          -0.82499993
                 231         -0.024999999
                 232          -0.32499993
                 233         -0.050000001
                 234           -0.8499999
                 235          -0.87499988
                 236         -0.025000002
                 237                 -0.5
                 238         -0.050000001
                 239          -0.29999995
                 240           0.24999999
                 241          -0.27499998
                 242          -0.32499993
                 243         -0.050000001
                 244          -0.29999995
                 245        1.8626451e-09
                 246          -0.42500007
                 247          -0.42500007
                 248          0.025000002
                 249           -0.5999999
                 250           -1.6750007
                 251           -0.5999999
                 252          -0.22499998
                 253          0.025000002
                 254           -0.5999999
                 255          0.024999999
                 256          -0.27499998
                 257          -0.27499998
                 258                    0
                 259          -0.32499993
                 260          -0.79999995
                 261          0.050000001
                 262           -0.8499999
                 263          -0.52499998
                 264                 -0.5
                 265       -1.8626451e-09
                 266           0.19999997
                 267               -0.025
                 268          -0.22499998
                 269          -0.29999995
                 270           -0.5999999
                 271          -0.29999995
                 272                  0.5
                 273          -0.57499993
                 274          -0.27499998
                 275          0.025000002
                 276           -0.4000001
                 277          -0.62500012
                 278         -0.024999999
                 279          -0.45000005
                 280           0.17499997
                 281         -0.050000001
                 282          -0.19999997
                 283       -1.8626451e-09
                 284           -0.6500001
                 285           -0.4000001
                 286                0.025
                 287         -0.050000001
                 288         -0.050000001
                 289          -0.45000005
                 290           0.22499999
                 291           0.19999997
                 292          -0.27499998
                 293          0.050000001
                 294           0.24999999
                 295          -0.27499998
                 296          0.050000001
                 297         -0.050000001
                 298       -1.8626451e-09
                 299          -0.42500007
                 300           0.24999999
                 301          -0.42500007
                 302                0.025
                 303          0.024999999
                 304           0.22499998
                 305         -0.050000001
                 306          -0.32499993
                 307          -0.14999998
                 308          0.075000003
                 309           0.29999995
                 310           0.27499998
                 311          -0.42500007
                 312          0.050000001
                 313          -0.17499997
                 314          -0.47500002
                 315         -0.075000003
                 316          -0.24999999
                 317         -0.025000002
                 318         -0.050000001
                 319           -0.5999999
                 320          -0.10000001
                 321                    0
                 322          -0.22499999
                 323         -0.050000001
                 324          0.075000003
                 325        1.8626451e-09
                 326         -0.025000002
                 327           -0.8499999
                 328           -1.1250005
                 329                  0.5
                 330          0.050000001
                 331           0.22499999
                 332           -1.1250005
                 333           0.27499998
                 334               -0.025
                 335           -0.5999999
                 336          -0.29999995
                 337         -0.025000002
                 338           0.22499999
                 339          0.025000002
                 340          0.075000003
                 341           -0.5999999
                 342          -0.29999995
                 343        1.8626451e-09
                 344           0.52499998
                 345          -0.19999997
                 346          -0.17499997
                 347         -0.050000001
                 348         -0.050000001
                 349           -0.4000001
                 350          -0.45000005
                 351         -0.050000001
                 352          0.025000002
                 353          0.050000001
                 354           0.27499998
                 355           -0.5999999
                 356           -1.1500006
                 357           0.19999997
                 358                 -0.5
                 359          -0.42500007
                 360         -0.049999997
                 361         -0.050000001
                 362           0.27499998
                 363          -0.17499997
                 364          0.075000003
                 365                    0
                 366           0.52499998
                 367       -1.8626451e-09
                 368          -0.22499998
                 369          -0.27499998
                 370          -0.27499998
                 371          -0.82499993
                 372                 -0.5
                 373          -0.37500012
                 374          -0.27499998
                 375          0.025000002
                 376          -0.47500002
                 377          -0.22499998
                 378         -0.050000001
                 379           0.77499998
                 380          -0.70000005
                 381          -0.24999999
                 382           0.52499998
                 383          -0.87499988
                 384          0.050000001
                 385           -0.6500001
                 386          -0.72500002
                 387          -0.27499998
                 388           0.54999995
                 389        1.8626451e-09
                 390                 -0.5
                 391           -0.4000001
                 392           -1.0999994
                 393          -0.19999997
                 394          -0.45000005
                 395           -0.8499999
                 396           -0.5999999
                 397         -0.025000002
                 398         -0.050000001
                 399         -0.075000003
                 400           -0.6500001
                 401           0.27499998
                 402         -0.075000003
                 403          -0.32499993
                 404          -0.29999995
                 405          -0.54999995
                 406           0.27499998
                 407          -0.45000005
                 408          -0.87500012
                 409           0.17499998
                 410           -0.3499999
                 411         -0.050000001
                 412        1.8626451e-09
                 413         -0.050000001
                 414          -0.52499998
                 415         -0.050000001
                 416           -0.6500001
                 417          -0.62500012
                 418          -0.14999998
                 419          -0.37500012
                 420                 -0.5
                 421                    0
                 422           -0.6500001
                 423           -1.6750007
                 424         -0.024999999
                 425           -0.6500001
                 426         -0.050000001
                 427           0.27499998
                 428          -0.27499998
                 429         -0.050000001
                 430          -0.87500012
                 431          0.075000003
                 432          -0.32499993
                 433          -0.62499988
                 434          -0.32499993
                 435          -0.29999995
                 436               -0.025
                 437         -0.025000002
                 438           -0.5999999
                 439                    0
                 440         -0.025000002
                 441          -0.19999997
                 442         -0.050000001
                 443         -0.050000001
                 444           0.45000005
                 445          -0.22499998
                 446          0.025000002
                 447       -1.8626451e-09
                 448          -0.19999999
                 449           -0.5999999
                 450           0.19999999
                 451           0.29999995
                 452          -0.29999995
                 453          -0.27499998
                 454         -0.075000003
                 455           -0.5999999
                 456          0.050000001
                 457          -0.42500007
                 458                 -0.5
                 459        1.8626451e-09
                 460          -0.42500007
                 461                0.025
                 462               -0.025
                 463                -0.25
                 464           0.79999995
                 465          -0.24999999
                 466          0.075000003
                 467          -0.14999996
                 468           0.52499998
                 469           -0.5999999
                 470          -0.45000005
                 471                -0.25
                 472                 -0.5
                 473          0.050000001
                 474          0.075000003
                 475           0.22499999
                 476                  0.5
                 477           0.22499998
                 478          0.075000003
                 479           0.22499998
                 480          -0.27499998
                 481          -0.19999999
                 482           0.22499998
                 483          -0.47500002
                 484           0.27499998
                 485           -0.8499999
                 486         -0.050000001
                 487           0.24999999
                 488           0.47500002
                 489          -0.87499988
                 490         -0.025000002
                 491          -0.57499993
                 492           -0.8499999
                 493          -0.54999995
                 494          -0.24999999
                 495          0.050000001
                 496           -0.6500001
                 497          0.050000001
                 498          -0.42500007
                 499          -0.24999999
                 500           0.22499999
                 501           0.24999999
                 502          -0.17499998
                 503          -0.42500007
                 504          -0.87499988
                 505          -0.32499993
                 506         -0.025000002
                 507           0.22499998
                 508           -0.6500001
                 509         -0.049999997
                 510         -0.025000002
                 511          -0.79999995
                 512          0.075000003
                 513          -0.45000005
                 514          0.075000003
                 515           0.29999995
                 516         -0.050000001
                 517          -0.70000005
                 518          -0.57499993
                 519          -0.87499988
                 520                  0.5
                 521           -0.4000001
                 522          -0.17499998
                 523          -0.19999999
                 524          -0.57499993
                 525          0.025000002
                 526          -0.22499998
                 527          -0.22499999
                 528          -0.42500007
                 529          0.024999999
                 530         -0.075000003
                 531               -0.025
                 532           -0.3499999
                 533           0.27499998
                 534          -0.42500007
                 535          -0.45000005
                 536          -0.32499993
                 537          -0.82499993
                 538           -0.4000001
                 539                 -0.5
                 540           0.52499998
                 541           0.19999997
                 542          -0.87500012
                 543           0.27499998
                 544          -0.32499993
                 545          -0.29999995
                 546          -0.22499998
                 547         -0.050000001
                 548                    0
                 549          -0.82499993
                 550          -0.32499993
                 551                 1.25
                 552                    0
                 553         -0.075000003
                 554          -0.32499993
                 555          -0.52499998
                 556           0.27499998
                 557           0.24999999
                 558           0.47500002
                 559         -0.025000002
                 560           0.27499998
                 561          0.050000001
                 562         -0.075000003
                 563          -0.54999995
                 564           0.22499998
                 565          -0.45000005
                 566                 -0.5
                 567          -0.27499998
                 568           0.17499998
                 569        1.8626451e-09
                 570          0.025000002
                 571       -1.8626451e-09
                 572          -0.14999998
                 573           0.29999995
                 574          -0.52499998
                 575         -0.024999999
                 576          -0.27499998
                 577         -0.075000003
                 578          -0.27499998
                 579           -0.4000001
                 580           0.27499998
                 581           -1.1250005
                 582           -0.5999999
                 583          -0.27499998
                 584          0.025000002
                 585          -0.52499998
                 586           -0.6500001
                 587         -0.024999999
                 588         -0.050000001
                 589           -0.5999999
                 590           0.19999999
                 591         -0.025000002
                 592          -0.19999997
                 593          0.075000003
                 594           -0.4000001
                 595          -0.17499998
                 596           -0.3499999
                 597                  0.5
                 598          0.025000002
                 599               -0.025
                 600           -0.5999999
                 601          -0.24999999
                 602           -0.8499999
                 603          -0.32499993
                 604           0.24999999
                 605        1.8626451e-09
                 606          -0.27499998
                 607        1.8626451e-09
                 608           0.95000005
                 609          -0.10000001
                 610          -0.29999995
                 611          -0.29999995
                 612          -0.27499998
                 613                    0
                 614           0.24999999
                 615          -0.45000005
                 616           -0.8499999
                 617         -0.050000001
                 618          -0.10000001
                 619          -0.24999999
                 620          -0.19999999
                 621           -1.1000004
                 622         -0.050000001
                 623           -1.1500006
                 624         -0.025000002
                 625          0.050000001
                 626           0.52499998
                 627                0.025
                 628          0.050000001
                 629          0.050000001
                 630               -0.025
                 631          -0.22499999
                 632          -0.29999995
                 633           -1.4000006
                 634       -1.8626451e-09
                 635           -1.1500006
                 636          -0.17499997
                 637           0.19999997
                 638           -1.1250005
                 639          -0.82499993
                 640           0.42500007
                 641           0.27499998
                 642          -0.57499993
                 643          -0.27499998
                 644          0.025000002
                 645                -0.25
                 646           -1.1250005
                 647          -0.22499998
                 648          -0.29999995
                 649                 -0.5
                 650          -0.45000005
                 651          -0.54999995
                 652          -0.19999999
                 653        1.8626451e-09
                 654           -0.5999999
                 655                 -0.5
                 656           0.24999999
                 657          0.050000001
                 658          -0.42500007
                 659          -0.79999995
                 660          -0.54999995
                 661           -0.8499999
                 662                0.025
                 663          -0.22499998
                 664          -0.42500007
                 665          0.050000001
                 666          -0.87499988
                 667          -0.22499998
                 668         -0.025000002
                 669           -0.3499999
                 670         -0.050000001
                 671          -0.29999995
                 672           -1.1000004
                 673          -0.10000001
                 674           0.22499998
                 675               -0.025
                 676          -0.29999995
                 677           -0.6500001
                 678          -0.19999999
                 679                  0.5
                 680           -1.1250005
                 681          -0.10000001
                 682           -0.5999999
                 683          -0.87499988
                 684          -0.17499997
                 685          -0.19999997
                 686          -0.29999995
                 687         -0.075000003
                 688           0.24999999
                 689          -0.87499988
                 690           -0.3499999
                 691           -0.5999999
                 692           0.27499998
                 693           0.22499999
                 694                 -0.5
                 695          -0.77499998
                 696          -0.57499993
                 697          -0.22499998
                 698          -0.42500007
                 699                    0
                 700          -0.27499998
                 701                    0
                 702        1.8626451e-09
                 703          -0.42500007
                 704          -0.87500012
                 705          -0.19999999
                 706          -0.17499997
                 707           -0.5999999
                 708         -0.050000001
                 709           0.32499993
                 710        1.8626451e-09
                 711          -0.22499999
                 712                  0.5
                 713          -0.24999999
                 714          -0.32499993
                 715          -0.32499993
                 716                 0.75
                 717       -1.8626451e-09
                 718          -0.29999995
                 719           -1.1500006
                 720           0.22499998
                 721         -0.025000002
                 722          -0.24999999
                 723           0.24999999
                 724          -0.19999997
                 725           0.10000001
                 726           -0.6500001
                 727                    0
                 728          -0.57499993
                 729          0.025000002
                 730          -0.47500002
                 731          -0.24999999
                 732           -1.1500006
                 733          -0.52499998
                 734           -1.4000006
                 735                0.025
                 736          -0.54999995
                 737         -0.050000001
                 738          -0.32499993
                 739          -0.29999995
                 740          -0.87500012
                 741          0.075000003
                 742           0.52499998
                 743          -0.17499998
                 744          0.025000002
                 745           0.54999995
                 746          -0.37500012
                 747          -0.85000014
                 748          -0.45000005
                 749          -0.32499993
                 750          -0.85000014
                 751           0.22499998
                 752          -0.57499993
                 753          -0.82499993
                 754           -1.1250005
                 755       -1.8626451e-09
                 756          -0.29999995
                 757          -0.57499993
                 758           0.77499998
                 759          -0.29999995
                 760         -0.050000001
                 761          -0.17499998
                 762          -0.45000005
                 763          0.050000001
                 764           0.27499998
                 765                  0.5
                 766          -0.22499998
                 767           -1.0999994
                 768          -0.72500002
                 769          -0.52499998
                 770           -0.3499999
                 771         -0.024999999
                 772          -0.42500007
                 773           -0.4000001
                 774       -1.8626451e-09
                 775           0.47500002
                 776          0.050000001
                 777          -0.22499998
                 778          0.025000002
                 779           0.22499998
                 780           -1.1500006
                 781          -0.24999999
                 782          -0.27499998
                 783           0.17499997
                 784         -0.075000003
                 785          -0.45000005
                 786          -0.24999999
                 787           0.24999999
                 788          0.075000003
                 789          -0.52499998
                 790          -0.52499998
                 791          -0.27499998
                 792         -0.024999999
                 793          -0.57499993
                 794           0.45000005
                 795          -0.62499988
                 796          -0.27499998
                 797          -0.32499993
                 798           0.19999999
                 799           -0.5999999
                 800           0.24999999
                 801          -0.27499998
                 802          -0.32499993
                 803          -0.87499988
                 804           0.22499998
                 805          -0.57499993
                 806          0.075000003
                 807          -0.67500007
                 808          -0.52499998
                 809          -0.57499993
                 810          -0.54999995
                 811           -0.6500001
                 812          -0.17499997
                 813          -0.42500007
                 814           0.24999999
                 815          -0.45000005
                 816          -0.45000005
                 817          -0.14999996
                 818           0.24999999
                 819          -0.29999995
                 820          -0.24999999
                 821          -0.57499993
                 822          -0.57499993
                 823          0.024999999
                 824          -0.19999997
                 825         -0.050000001
                 826           0.24999999
                 827           -0.8499999
                 828                 -0.5
                 829          -0.32499993
                 830         -0.025000002
                 831          -0.42500007
                 832           0.57499993
                 833           0.27499998
                 834           0.47500002
                 835           0.29999995
                 836          -0.52499998
                 837          -0.19999999
                 838          -0.45000005
                 839          0.025000002
                 840         -0.025000002
                 841       -1.8626451e-09
                 842           0.19999997
                 843          -0.19999997
                 844          -0.14999998
                 845           -0.5999999
                 846          -0.27499998
                 847          -0.17499998
                 848          0.024999999
                 849                  0.5
                 850          0.075000003
                 851               -0.025
                 852           -1.1500006
                 853          -0.32499993
                 854           -0.3499999
                 855           0.22499998
                 856           0.17499997
                 857          -0.17499998
                 858          -0.22499998
                 859         -0.075000003
                 860          0.050000001
                 861          -0.19999997
                 862               -0.025
                 863           0.19999999
                 864         -0.025000002
                 865                0.025
                 866          -0.27499998
                 867          0.050000001
                 868           0.27499998
                 869               -0.025
                 870                    0
                 871           -0.8499999
                 872         -0.050000001
                 873          -0.62499988
                 874           0.24999999
                 875           -0.4000001
                 876           0.54999995
                 877           0.29999995
                 878          -0.32499993
                 879         -0.025000002
                 880          -0.29999995
                 881          -0.87500012
                 882          -0.32499993
                 883                0.025
                 884       -1.8626451e-09
                 885          0.024999999
                 886         -0.050000001
                 887          -0.14999996
                 888          -0.17499998
                 889          -0.14999998
                 890         -0.075000003
                 891          -0.57499993
                 892         -0.050000001
                 893          0.050000001
                 894          -0.45000005
                 895          -0.67500007
                 896           -0.4000001
                 897                -0.25
                 898          -0.29999995
                 899           -0.8499999
                 900          -0.27499998
                 901           -1.1250005
                 902          -0.22499999
                 903          -0.67500007
                 904          0.050000001
                 905          -0.29999995
                 906         -0.050000001
                 907          -0.82499993
                 908           -0.5999999
                 909          -0.45000005
                 910           0.54999995
                 911          0.049999997
                 912           0.27499998
                 913           -0.5999999
                 914         -0.075000003
                 915           -0.8499999
                 916         -0.050000001
                 917          -0.29999995
                 918           0.24999999
                 919          -0.32499993
                 920          -0.22499998
                 921           0.27499998
                 922           -0.5999999
                 923          -0.22499998
                 924       -1.8626451e-09
                 925          -0.19999999
                 926           0.54999995
                 927          -0.62500012
                 928          -0.85000014
                 929           0.22499998
                 930          -0.24999999
                 931        1.8626451e-09
                 932           -1.6750007
                 933          -0.32499993
                 934           -1.1250005
                 935           -0.5999999
                 936         -0.050000001
                 937          -0.27499998
                 938       -1.8626451e-09
                 939          -0.37500012
                 940          -0.24999999
                 941                    0
                 942           -0.4000001
                 943           0.42500007
                 944         -0.050000001
                 945          -0.52499998
                 946           0.72500002
                 947           0.29999995
                 948         -0.025000002
                 949                 -0.5
                 950          -0.17499998
                 951          -0.37500012
                 952           0.24999999
                 953           0.22499999
                 954          -0.42500007
                 955           0.45000005
                 956          -0.57499993
                 957           -0.5999999
                 958         -0.024999999
                 959          -0.57499993
                 960           -1.1250005
                 961           0.27499998
                 962           0.27499998
                 963           0.24999999
                 964          -0.19999997
                 965          -0.29999995
                 966          -0.27499998
                 967          -0.32499993
                 968          -0.82499993
                 969           -0.5999999
                 970           0.22499998
                 971           0.24999999
                 972          -0.27499998
                 973                    0
                 974         -0.075000003
                 975          -0.32499993
                 976          -0.57499993
                 977         -0.050000001
                 978           -0.5999999
                 979          -0.32499993
                 980           0.24999999
                 981          -0.29999995
                 982          -0.32499993
                 983          -0.37500012
                 984           -0.4000001
                 985          -0.45000005
                 986          -0.17499997
                 987          -0.42500007
                 988          -0.29999995
                 989          -0.19999997
                 990       -1.8626451e-09
                 991          -0.19999999
                 992          -0.22499998
                 993         -0.025000002
                 994           0.54999995
                 995          0.024999999
                 996          -0.29999995
                 997           0.27499998
                 998        1.8626451e-09
                 999          -0.57499993
                1000           -0.8499999
