                   1           -1.3249993
                   2           -1.7999992
                   3           -1.7999992
                   4           -1.7999992
                   5          -0.85000014
                   6          -0.87500012
                   7           -1.3249993
                   8           -1.0999994
                   9           -1.7999992
                  10           -1.7999992
                  11           -1.7999992
                  12           -1.3249993
                  13          -0.85000014
                  14           -1.7999992
                  15           -1.7999992
                  16           -1.7999992
                  17           -1.3249993
                  18           -1.3249993
                  19           -1.7999992
                  20           -1.3249993
                  21           -1.0999994
                  22           -1.3249993
                  23           -1.7999992
                  24           -1.7999992
                  25           -1.7999992
                  26           -1.7999992
                  27           -1.0999994
                  28           -1.7999992
                  29           -1.7999992
                  30           -1.3249993
                  31           -1.3249993
                  32           -1.7999992
                  33           -1.7999992
                  34           -1.7999992
                  35           -1.7999992
                  36           -1.7999992
                  37           -1.7999992
                  38           -1.7999992
                  39           -1.7999992
                  40           -1.7999992
                  41           -1.7999992
                  42           -1.3249993
                  43           -1.7999992
                  44           -1.7999992
                  45           -1.7999992
                  46           -1.7999992
                  47           -1.7999992
                  48           -1.3249993
                  49           -1.3249993
                  50           -1.3249993
                  51           -1.7999992
                  52           -1.7999992
                  53           -1.7999992
                  54           -1.7999992
                  55           -1.7999992
                  56           -1.7999992
                  57           -1.7999992
                  58           -1.7999992
                  59           -1.7999992
                  60           -1.7999992
                  61           -1.7999992
                  62           -1.7999992
                  63          -0.87500012
                  64           -1.3249993
                  65           -1.7999992
                  66           -1.7999992
                  67           -1.7999992
                  68           -1.7999992
                  69           -1.7999992
                  70           -1.7999992
                  71           -1.7999992
                  72          -0.87500012
                  73           -1.0999994
                  74           -1.7999992
                  75           -1.7999992
                  76           -1.7999992
                  77           -1.7999992
                  78           -1.7999992
                  79           -1.3249993
                  80           -1.7999992
                  81           -1.3249993
                  82           -1.3249993
                  83          -0.85000014
                  84           -1.7999992
                  85           -1.7999992
                  86           -1.7999992
                  87           -1.7999992
                  88           -1.7999992
                  89           -1.3249993
                  90           -1.7999992
                  91           -1.7999992
                  92          -0.85000014
                  93           -1.3249993
                  94           -1.3249993
                  95           -1.7999992
                  96           -1.3249993
                  97           -0.4000001
                  98          -0.87500012
                  99           -1.3249993
                 100           -1.7999992
                 101           -1.7999992
                 102           -1.7999992
                 103           -1.3249993
                 104           -1.3249993
                 105           -0.6500001
                 106          -0.47500002
                 107           -1.3249993
                 108          -0.85000014
                 109           -1.7999992
                 110           -1.7999992
                 111           -1.7999992
                 112           -1.7999992
                 113           -1.7999992
                 114           -1.3249993
                 115           -1.3249993
                 116           -1.7999992
                 117           -1.7999992
                 118           -1.7999992
                 119           -1.7999992
                 120           -1.7999992
                 121           -1.3249993
                 122           -1.7999992
                 123           -1.7999992
                 124           -1.7999992
                 125           -1.3249993
                 126           -1.3249993
                 127           -1.7999992
                 128           -1.7999992
                 129           -1.7999992
                 130           -1.7999992
                 131           -1.0999994
                 132           -1.7999992
                 133           -1.7999992
                 134           -1.7999992
                 135           -1.7999992
                 136           -1.7999992
                 137           -1.0999994
                 138           -1.7999992
                 139           -1.3249993
                 140           -0.6500001
                 141           -0.4000001
                 142          -0.67500007
                 143          -0.22499998
                 144           -2.2000008
                 145           -2.2000008
                 146           -2.2000008
                 147           -2.2000008
                 148           -2.2000008
                 149           -1.6750007
                 150           -2.2000008
                 151           -2.2000008
                 152           -2.2000008
                 153           -2.2000008
                 154           -1.6750007
                 155           -2.2000008
                 156           -2.2000008
                 157           -2.2000008
                 158           -2.2000008
                 159           -1.6750007
                 160           -2.2000008
                 161           -2.2000008
                 162           -2.2000008
                 163           -1.4000006
                 164           -2.2000008
                 165           -1.1500006
                 166           -1.6750007
                 167           -1.6750007
                 168           -1.6750007
                 169           -2.2000008
                 170           -2.2000008
                 171           -2.2000008
                 172           -2.2000008
                 173           -2.2000008
                 174           -2.2000008
                 175           -2.2000008
                 176           -2.2000008
                 177           -2.2000008
                 178           -2.2000008
                 179           -2.2000008
                 180           -2.2000008
                 181           -2.2000008
                 182           -2.2000008
                 183           -1.1250005
                 184           -1.1250005
                 185           -2.2000008
                 186           -2.2000008
                 187           -2.2000008
                 188           -2.2000008
                 189           -2.2000008
                 190           -2.2000008
                 191           -2.2000008
                 192           -1.6750007
                 193           -1.4000006
                 194           -2.2000008
                 195           -2.2000008
                 196           -2.2000008
                 197           -2.2000008
                 198           -2.2000008
                 199           -2.2000008
                 200           -1.6750007
                 201           -2.2000008
                 202           -2.2000008
                 203           -2.2000008
                 204           -2.2000008
                 205           -2.2000008
                 206           -2.2000008
                 207           -2.2000008
                 208           -2.2000008
                 209           -2.2000008
                 210           -1.6750007
                 211           -2.2000008
                 212           -2.2000008
                 213           -2.2000008
                 214           -2.2000008
                 215           -2.2000008
                 216           -2.2000008
                 217           -2.2000008
                 218           -2.2000008
                 219           -2.2000008
                 220           -2.2000008
                 221           -2.2000008
                 222           -2.2000008
                 223           -2.2000008
                 224           -2.2000008
                 225           -2.2000008
                 226           -1.6750007
                 227           -2.2000008
                 228           -2.2000008
                 229           -1.6750007
                 230           -2.2000008
                 231           -2.2000008
                 232           -2.2000008
                 233           -1.1250005
                 234          -0.27499998
                 235          -0.57499993
                 236          -0.87499988
                 237           -1.6750007
                 238           -2.2000008
                 239           -2.2000008
                 240           -2.2000008
                 241           -1.6750007
                 242           -2.2000008
                 243           -2.2000008
                 244           -2.2000008
                 245           -1.6750007
                 246           -1.6750007
                 247           -2.2000008
                 248           -2.2000008
                 249           -2.2000008
                 250           -2.2000008
                 251           -2.2000008
                 252           -2.2000008
                 253           -2.2000008
                 254           -2.2000008
                 255           -1.6750007
                 256           -2.2000008
                 257           -2.2000008
                 258           -2.2000008
                 259           -1.6750007
                 260           -1.1500006
                 261           -2.2000008
                 262           -2.2000008
                 263           -2.2000008
                 264           -2.2000008
                 265           -1.6750007
                 266           -1.6750007
                 267           -2.2000008
                 268           -2.2000008
                 269           -2.2000008
                 270           -2.2000008
                 271           -2.2000008
                 272           -2.2000008
                 273           -2.2000008
                 274           -2.2000008
                 275           -2.2000008
                 276          -0.87499988
                 277           -2.2000008
                 278           -2.2000008
                 279           -2.2000008
                 280           -2.2000008
                 281           -2.2000008
                 282           -1.6750007
                 283           -1.6750007
                 284           -2.2000008
                 285           -2.2000008
                 286           -1.1500006
                 287           -1.1500006
                 288           -2.2000008
                 289           -2.2000008
                 290           -1.4000006
                 291           -2.2000008
                 292           -2.2000008
                 293           -2.2000008
                 294           -2.2000008
                 295           -2.2000008
                 296           -2.2000008
                 297           -2.2000008
                 298           -1.6750007
                 299           -2.2000008
                 300           -2.2000008
                 301           -1.6750007
                 302           -2.2000008
                 303           -2.2000008
                 304           -2.2000008
                 305           -2.2000008
                 306           -2.2000008
                 307           -2.2000008
                 308           -1.6750007
                 309           -2.2000008
                 310           -2.2000008
                 311           -2.2000008
                 312           -1.6750007
                 313           -1.6750007
                 314           -1.4000006
                 315           -1.4000006
                 316           -1.4000006
                 317           -2.2000008
                 318           -2.2000008
                 319           -2.2000008
                 320           -2.2000008
                 321           -2.2000008
                 322           -2.2000008
                 323           -2.2000008
                 324           -1.4000006
                 325           -2.2000008
                 326           -2.2000008
                 327           -2.2000008
                 328           -2.2000008
                 329           -2.2000008
                 330           -1.6750007
                 331           -2.2000008
                 332           -2.2000008
                 333           -2.2000008
                 334           -2.2000008
                 335           -2.2000008
                 336           -2.2000008
                 337           -1.6750007
                 338           -1.6750007
                 339           -2.2000008
                 340           -2.2000008
                 341           -2.2000008
                 342           -1.6750007
                 343           -2.2000008
                 344           -2.2000008
                 345           -2.2000008
                 346           -2.2000008
                 347           -1.4000006
                 348           -2.2000008
                 349           -2.2000008
                 350           -2.2000008
                 351           -1.4000006
                 352           -2.2000008
                 353           -1.6750007
                 354           -2.2000008
                 355           -2.2000008
                 356           -2.2000008
                 357           -2.2000008
                 358           -2.2000008
                 359           -2.2000008
                 360           -2.2000008
                 361           -2.2000008
                 362           -2.2000008
                 363           -1.6750007
                 364           -1.6750007
                 365           -2.2000008
                 366           -1.6750007
                 367           -2.2000008
                 368           -2.2000008
                 369           -2.2000008
                 370           -2.2000008
                 371           -2.2000008
                 372           -0.8499999
                 373           -1.6750007
                 374           -2.2000008
                 375           -1.6750007
                 376           -2.2000008
                 377           -1.6750007
                 378           -2.2000008
                 379           -2.2000008
                 380           -2.2000008
                 381           -1.6750007
                 382           -2.2000008
                 383           -2.2000008
                 384           -1.6750007
                 385           -2.2000008
                 386           -2.2000008
                 387           -2.2000008
                 388           -2.2000008
                 389           -2.2000008
                 390           -2.2000008
                 391           -2.2000008
                 392           -2.2000008
                 393           -2.2000008
                 394           -2.2000008
                 395           -1.4000006
                 396           -2.2000008
                 397           -2.2000008
                 398           -2.2000008
                 399           -2.2000008
                 400           -2.2000008
                 401           -2.2000008
                 402           -2.2000008
                 403           -2.2000008
                 404           -2.2000008
                 405           -1.6750007
                 406           -2.2000008
                 407           -2.2000008
                 408           -2.2000008
                 409           -2.2000008
                 410           -2.2000008
                 411           -2.2000008
                 412           -2.2000008
                 413           -2.2000008
                 414           -2.2000008
                 415           -2.2000008
                 416           -2.2000008
                 417           -2.2000008
                 418           -2.2000008
                 419           -2.2000008
                 420           -2.2000008
                 421           -2.2000008
                 422           -1.6750007
                 423           -1.4000006
                 424           -2.2000008
                 425           -1.6750007
                 426           -2.2000008
                 427           -2.2000008
                 428           -2.2000008
                 429           -1.6750007
                 430           -1.6750007
                 431           -2.2000008
                 432           -2.2000008
                 433           -2.2000008
                 434           -1.6750007
                 435           -2.2000008
                 436           -1.6750007
                 437           -2.2000008
                 438           -2.2000008
                 439           -2.2000008
                 440           -2.2000008
                 441           -2.2000008
                 442           -1.1250005
                 443           -2.2000008
                 444           -1.6750007
                 445           -2.2000008
                 446           -2.2000008
                 447           -2.2000008
                 448           -2.2000008
                 449           -2.2000008
                 450           -2.2000008
                 451           -2.2000008
                 452           -2.2000008
                 453           -2.2000008
                 454           -2.2000008
                 455           -2.2000008
                 456           -1.6750007
                 457           -1.6750007
                 458           -2.2000008
                 459           -2.2000008
                 460           -2.2000008
                 461           -2.2000008
                 462           -1.6750007
                 463           -2.2000008
                 464           -2.2000008
                 465           -2.2000008
                 466           -2.2000008
                 467           -2.2000008
                 468           -2.2000008
                 469           -2.2000008
                 470           -1.6750007
                 471           -1.6750007
                 472           -1.4000006
                 473           -2.2000008
                 474           -2.2000008
                 475           -2.2000008
                 476           -2.2000008
                 477           -2.2000008
                 478           -2.2000008
                 479           -2.2000008
                 480           -2.2000008
                 481           -2.2000008
                 482           -1.6750007
                 483           -1.6750007
                 484           -2.2000008
                 485           -2.2000008
                 486           -2.2000008
                 487           -2.2000008
                 488           -2.2000008
                 489           -2.2000008
                 490           -2.2000008
                 491           -2.2000008
                 492           -2.2000008
                 493           -2.2000008
                 494           -2.2000008
                 495           -2.2000008
                 496           -2.2000008
                 497           -2.2000008
                 498           -2.2000008
                 499           -2.2000008
                 500           -1.1250005
                 501           -1.4000006
                 502           -1.1250005
                 503           -1.6750007
                 504           -2.2000008
                 505           -2.2000008
                 506           -2.2000008
                 507           -2.2000008
                 508           -2.2000008
                 509           -2.2000008
                 510           -2.2000008
                 511           -2.2000008
                 512           -2.2000008
                 513           -2.2000008
                 514           -2.2000008
                 515           -2.2000008
                 516           -2.2000008
                 517           -1.1500006
                 518           -2.2000008
                 519           -2.2000008
                 520           -1.4000006
                 521           -1.4000006
                 522           -2.2000008
                 523           -2.2000008
                 524           -1.6750007
                 525           -2.2000008
                 526           -2.2000008
                 527           -2.2000008
                 528           -2.2000008
                 529           -2.2000008
                 530           -1.6750007
                 531           -2.2000008
                 532           -2.2000008
                 533           -2.2000008
                 534           -2.2000008
                 535           -2.2000008
                 536           -2.2000008
                 537           -1.6750007
                 538           -1.1250005
                 539           -1.1250005
                 540           -1.4000006
                 541           -2.2000008
                 542           -1.6750007
                 543           -2.2000008
                 544           -2.2000008
                 545           -2.2000008
                 546           -2.2000008
                 547           -2.2000008
                 548           -2.2000008
                 549           -2.2000008
                 550           -2.2000008
                 551           -2.2000008
                 552           -1.6750007
                 553           -1.6750007
                 554           -1.1250005
                 555           -1.4000006
                 556           -2.2000008
                 557           -2.2000008
                 558           -2.2000008
                 559           -2.2000008
                 560           -1.6750007
                 561           -2.2000008
                 562           -2.2000008
                 563           -1.1250005
                 564           -2.2000008
                 565           -2.2000008
                 566           -2.2000008
                 567           -2.2000008
                 568           -2.2000008
                 569           -2.2000008
                 570           -2.2000008
                 571           -2.2000008
                 572           -2.2000008
                 573           -2.2000008
                 574           -2.2000008
                 575           -2.2000008
                 576           -2.2000008
                 577           -2.2000008
                 578           -1.6750007
                 579           -1.6750007
                 580           -2.2000008
                 581           -2.2000008
                 582           -2.2000008
                 583           -2.2000008
                 584           -2.2000008
                 585           -2.2000008
                 586           -2.2000008
                 587           -2.2000008
                 588           -2.2000008
                 589           -2.2000008
                 590           -2.2000008
                 591           -2.2000008
                 592           -2.2000008
                 593           -2.2000008
                 594           -1.6750007
                 595           -2.2000008
                 596           -2.2000008
                 597           -2.2000008
                 598           -1.6750007
                 599           -2.2000008
                 600           -1.6750007
                 601           -1.6750007
                 602           -2.2000008
                 603           -2.2000008
                 604           -2.2000008
                 605           -1.6750007
                 606           -1.1500006
                 607           -1.6750007
                 608          -0.82499993
                 609           -1.1000004
                 610           -1.1250005
                 611           -2.2000008
                 612           -1.6750007
                 613           -2.2000008
                 614           -1.6750007
                 615           -1.4000006
                 616           -2.2000008
                 617           -1.6750007
                 618           -2.2000008
                 619           -1.6750007
                 620           -1.6750007
                 621           -1.6750007
                 622           -2.2000008
                 623           -2.2000008
                 624           -2.2000008
                 625           -2.2000008
                 626           -2.2000008
                 627           -2.2000008
                 628           -2.2000008
                 629           -2.2000008
                 630           -2.2000008
                 631           -2.2000008
                 632           -1.6750007
                 633           -2.2000008
                 634           -1.6750007
                 635           -2.2000008
                 636           -1.6750007
                 637           -1.6750007
                 638           -1.6750007
                 639           -2.2000008
                 640           -2.2000008
                 641           -2.2000008
                 642           -2.2000008
                 643           -2.2000008
                 644           -1.6750007
                 645           -2.2000008
                 646           -2.2000008
                 647           -1.6750007
                 648          -0.82499993
                 649           -1.1250005
                 650           -1.1500006
                 651           -2.2000008
                 652           -2.2000008
                 653           -2.2000008
                 654           -2.2000008
                 655           -2.2000008
                 656           -1.4000006
                 657           -1.6750007
                 658           -2.2000008
                 659           -1.6750007
                 660           -2.2000008
                 661           -1.6750007
                 662           -2.2000008
                 663           -2.2000008
                 664           -2.2000008
                 665           -2.2000008
                 666           -1.6750007
                 667           -2.2000008
                 668           -2.2000008
                 669           -2.2000008
                 670           -2.2000008
                 671           -2.2000008
                 672           -2.2000008
                 673           -1.4000006
                 674           -2.2000008
                 675           -1.6750007
                 676           -2.2000008
                 677           -2.2000008
                 678           -2.2000008
                 679           -2.2000008
                 680           -2.2000008
                 681           -2.2000008
                 682           -2.2000008
                 683           -2.2000008
                 684           -1.6750007
                 685           -1.4000006
                 686           -2.2000008
                 687           -2.2000008
                 688           -2.2000008
                 689           -2.2000008
                 690           -2.2000008
                 691           -2.2000008
                 692           -2.2000008
                 693           -1.6750007
                 694           -2.2000008
                 695           -2.2000008
                 696           -2.2000008
                 697           -2.2000008
                 698           -2.2000008
                 699           -2.2000008
                 700           -2.2000008
                 701           -2.2000008
                 702           -2.2000008
                 703           -2.2000008
                 704           -2.2000008
                 705           -2.2000008
                 706          -0.87499988
                 707          -0.54999995
                 708           -1.1250005
                 709           -2.2000008
                 710           -2.2000008
                 711           -2.2000008
                 712           -2.2000008
                 713           -2.2000008
                 714           -2.2000008
                 715           -2.2000008
                 716           -1.6750007
                 717           -2.2000008
                 718           -2.2000008
                 719           -2.2000008
                 720           -2.2000008
                 721           -2.2000008
                 722           -2.2000008
                 723           -2.2000008
                 724           -2.2000008
                 725           -2.2000008
                 726           -2.2000008
                 727           -2.2000008
                 728           -1.6750007
                 729           -1.6750007
                 730           -2.2000008
                 731           -1.4000006
                 732           -2.2000008
                 733           -2.2000008
                 734           -2.2000008
                 735           -2.2000008
                 736           -1.6750007
                 737           -2.2000008
                 738           -2.2000008
                 739           -2.2000008
                 740           -2.2000008
                 741           -2.2000008
                 742           -2.2000008
                 743           -1.6750007
                 744           -2.2000008
                 745           -2.2000008
                 746           -2.2000008
                 747           -2.2000008
                 748           -2.2000008
                 749           -1.6750007
                 750           -1.6750007
                 751           -2.2000008
                 752           -2.2000008
                 753           -1.6750007
                 754           -2.2000008
                 755           -2.2000008
                 756           -1.6750007
                 757           -1.6750007
                 758           -2.2000008
                 759           -2.2000008
                 760           -2.2000008
                 761           -2.2000008
                 762           -2.2000008
                 763           -2.2000008
                 764           -2.2000008
                 765           -2.2000008
                 766           -2.2000008
                 767           -2.2000008
                 768           -2.2000008
                 769           -2.2000008
                 770           -2.2000008
                 771           -2.2000008
                 772           -2.2000008
                 773           -2.2000008
                 774           -2.2000008
                 775           -2.2000008
                 776           -2.2000008
                 777           -2.2000008
                 778           -2.2000008
                 779           -2.2000008
                 780           -2.2000008
                 781           -2.2000008
                 782           -2.2000008
                 783           -2.2000008
                 784           -2.2000008
                 785           -2.2000008
                 786           -2.2000008
                 787           -2.2000008
                 788           -2.2000008
                 789           -2.2000008
                 790           -1.6750007
                 791           -1.4000006
                 792           -2.2000008
                 793           -1.6750007
                 794           -2.2000008
                 795           -1.6750007
                 796           -2.2000008
                 797           -2.2000008
                 798           -2.2000008
                 799           -2.2000008
                 800           -1.6750007
                 801           -1.6750007
                 802           -1.6750007
                 803           -2.2000008
                 804           -2.2000008
                 805           -2.2000008
                 806           -2.2000008
                 807           -2.2000008
                 808           -2.2000008
                 809           -2.2000008
                 810           -2.2000008
                 811           -2.2000008
                 812           -2.2000008
                 813           -1.6750007
                 814           -2.2000008
                 815           -2.2000008
                 816           -2.2000008
                 817           -2.2000008
                 818           -2.2000008
                 819           -1.6750007
                 820           -2.2000008
                 821           -2.2000008
                 822           -1.1250005
                 823          -0.87499988
                 824           -1.4000006
                 825           -2.2000008
                 826           -2.2000008
                 827           -2.2000008
                 828           -2.2000008
                 829          -0.87499988
                 830           -1.6750007
                 831           -2.2000008
                 832           -2.2000008
                 833           -2.2000008
                 834           -2.2000008
                 835           -2.2000008
                 836           -2.2000008
                 837           -2.2000008
                 838           -1.6750007
                 839           -2.2000008
                 840           -1.6750007
                 841           -2.2000008
                 842           -2.2000008
                 843           -2.2000008
                 844           -2.2000008
                 845           -2.2000008
                 846           -1.1500006
                 847           -2.2000008
                 848           -2.2000008
                 849           -1.1250005
                 850           -1.6750007
                 851           -2.2000008
                 852           -2.2000008
                 853           -2.2000008
                 854           -1.4000006
                 855           -2.2000008
                 856           -2.2000008
                 857           -1.4000006
                 858           -2.2000008
                 859           -2.2000008
                 860           -1.6750007
                 861           -1.6750007
                 862           -2.2000008
                 863           -2.2000008
                 864           -2.2000008
                 865           -1.6750007
                 866           -2.2000008
                 867           -2.2000008
                 868           -2.2000008
                 869           -2.2000008
                 870           -2.2000008
                 871           -2.2000008
                 872           -1.6750007
                 873           -2.2000008
                 874           -2.2000008
                 875           -2.2000008
                 876           -2.2000008
                 877           -2.2000008
                 878           -2.2000008
                 879           -2.2000008
                 880           -2.2000008
                 881           -2.2000008
                 882           -2.2000008
                 883           -2.2000008
                 884           -2.2000008
                 885           -2.2000008
                 886           -2.2000008
                 887           -2.2000008
                 888           -1.4000006
                 889           -1.4000006
                 890           -2.2000008
                 891           -2.2000008
                 892           -2.2000008
                 893           -2.2000008
                 894           -2.2000008
                 895           -2.2000008
                 896           -1.6750007
                 897           -1.6750007
                 898           -2.2000008
                 899           -2.2000008
                 900           -2.2000008
                 901           -2.2000008
                 902           -2.2000008
                 903           -1.6750007
                 904           -2.2000008
                 905           -2.2000008
                 906           -2.2000008
                 907           -1.6750007
                 908           -2.2000008
                 909           -2.2000008
                 910           -1.6750007
                 911           -1.6750007
                 912           -2.2000008
                 913           -2.2000008
                 914           -2.2000008
                 915           -2.2000008
                 916           -2.2000008
                 917           -1.1250005
                 918           -2.2000008
                 919           -1.6750007
                 920           -2.2000008
                 921           -1.6750007
                 922           -2.2000008
                 923           -2.2000008
                 924           -2.2000008
                 925           -2.2000008
                 926           -2.2000008
                 927           -2.2000008
                 928           -2.2000008
                 929           -1.6750007
                 930           -2.2000008
                 931           -2.2000008
                 932           -2.2000008
                 933           -2.2000008
                 934           -2.2000008
                 935           -2.2000008
                 936           -2.2000008
                 937           -1.6750007
                 938           -1.4000006
                 939           -2.2000008
                 940           -2.2000008
                 941           -2.2000008
                 942           -1.1500006
                 943           -2.2000008
                 944           -1.6750007
                 945           -2.2000008
                 946          -0.87499988
                 947           -1.4000006
                 948           -2.2000008
                 949           -1.6750007
                 950           -2.2000008
                 951           -2.2000008
                 952           -2.2000008
                 953           -2.2000008
                 954           -2.2000008
                 955           -2.2000008
                 956           -1.6750007
                 957           -2.2000008
                 958           -1.6750007
                 959           -2.2000008
                 960           -1.6750007
                 961           -1.6750007
                 962           -2.2000008
                 963           -2.2000008
                 964           -2.2000008
                 965           -2.2000008
                 966           -2.2000008
                 967           -2.2000008
                 968           -1.6750007
                 969           -2.2000008
                 970          -0.87499988
                 971           -2.2000008
                 972           -2.2000008
                 973           -2.2000008
                 974           -1.6750007
                 975           -1.1250005
                 976           -1.6750007
                 977           -2.2000008
                 978           -2.2000008
                 979           -2.2000008
                 980           -1.6750007
                 981           -2.2000008
                 982           -2.2000008
                 983           -2.2000008
                 984           -2.2000008
                 985           -2.2000008
                 986           -2.2000008
                 987           -2.2000008
                 988           -2.2000008
                 989           -2.2000008
                 990           -1.6750007
                 991           -2.2000008
                 992           -2.2000008
                 993           -2.2000008
                 994           -2.2000008
                 995           -2.2000008
                 996           -2.2000008
                 997           -2.2000008
                 998           -2.2000008
                 999           -1.6750007
                1000           -2.2000008
