                   1           -1.2071136
                   2           -1.6582566
                   3           -1.8454453
                   4           -1.9604204
                   5           -2.0189407
                   6           -2.0624313
                   7           -2.0975633
                   8           -2.1331429
                   9            -2.151932
                  10           -2.1654415
                  11           -2.1761954
                  12           -2.1807532
                  13           -2.1820312
                  14            -2.188307
                  15            -2.190825
                  16           -2.1917844
                  17           -2.1933031
                  18           -2.1939821
                  19            -2.195421
                  20           -2.1965399
                  21           -2.1992188
                  22           -2.1992188
                  23           -2.1992188
                  24           -2.1992188
                  25           -2.1992188
                  26           -2.1992188
                  27           -2.1992188
                  28           -2.1992188
                  29           -2.1992188
                  30           -2.1992188
                  31           -2.1992188
                  32           -2.1992188
                  33           -2.1992188
                  34           -2.1992188
                  35           -2.1992188
                  36           -2.1983788
                  37           -2.1992188
                  38           -2.1992188
                  39           -2.1992188
                  40           -2.1992188
                  41           -2.1992188
                  42           -2.1992188
                  43           -2.1992188
                  44           -2.1992188
                  45           -2.1992188
                  46           -2.1992188
                  47           -2.1992188
                  48           -2.1992188
                  49           -2.1992188
                  50           -2.1992188
                  51           -2.1992188
                  52           -2.1992188
                  53           -2.1992188
                  54           -2.1992188
                  55           -2.1992188
                  56           -2.1992188
                  57           -2.1992188
                  58           -2.1992188
                  59           -2.1992188
                  60           -2.1992188
                  61           -2.1992188
                  62           -2.1992188
                  63           -2.1992188
                  64           -2.1992188
                  65           -2.1992188
                  66           -2.1992188
                  67           -2.1992188
                  68           -2.1992188
                  69           -2.1992188
                  70           -2.1983788
                  71           -2.1992188
                  72           -2.1992188
                  73           -2.1992188
                  74           -2.1992188
                  75           -2.1992188
                  76           -2.1992188
                  77           -2.1992188
                  78           -2.1992188
                  79           -2.1992188
                  80           -2.1992188
                  81           -2.1992188
                  82           -2.1992188
                  83           -2.1992188
                  84           -2.1992188
                  85           -2.1992188
                  86           -2.1992188
                  87           -2.1992188
                  88           -2.1992188
                  89           -2.1992188
                  90           -2.1992188
                  91           -2.1992188
                  92           -2.1992188
                  93           -2.1992188
                  94           -2.1992188
                  95           -2.1992188
                  96           -2.1992188
                  97           -2.1992188
                  98           -2.1992188
                  99           -2.1992188
                 100           -2.1992188
                 101           -2.1992188
                 102           -2.1992188
                 103           -2.1992188
                 104           -2.1992188
                 105           -2.1992188
                 106           -2.1992188
                 107           -2.1992188
                 108           -2.1992188
                 109           -2.1992188
                 110           -2.1992188
                 111           -2.1992188
                 112           -2.1992188
                 113           -2.1992188
                 114           -2.1992188
                 115           -2.1992188
                 116           -2.1992188
                 117           -2.1992188
                 118           -2.1992188
                 119           -2.1992188
                 120           -2.1975391
                 121           -2.1992188
                 122           -2.1992188
                 123           -2.1992188
                 124           -2.1992188
                 125           -2.1992188
                 126           -2.1983788
                 127           -2.1992188
                 128           -2.1992188
                 129           -2.1992188
                 130           -2.1992188
                 131           -2.1992188
                 132           -2.1992188
                 133           -2.1992188
                 134           -2.1992188
                 135           -2.1992188
                 136           -2.1992188
                 137           -2.1992188
                 138           -2.1992188
                 139           -2.1992188
                 140           -2.1992188
                 141           -2.1992188
                 142           -2.1992188
                 143           -2.1992188
                 144           -2.1992188
                 145           -2.1992188
                 146           -2.1992188
                 147           -2.1992188
                 148           -2.1992188
                 149           -2.1992188
                 150           -2.1992188
                 151           -2.1992188
                 152           -2.1992188
                 153           -2.1992188
                 154           -2.1992188
                 155           -2.1992188
                 156           -2.1992188
                 157           -2.1992188
                 158           -2.1992188
                 159           -2.1992188
                 160           -2.1992188
                 161           -2.1992188
                 162           -2.1992188
                 163           -2.1992188
                 164           -2.1992188
                 165           -2.1992188
                 166           -2.1992188
                 167           -2.1992188
                 168           -2.1992188
                 169           -2.1992188
                 170           -2.1992188
                 171           -2.1992188
                 172           -2.1992188
                 173           -2.1992188
                 174           -2.1992188
                 175           -2.1992188
                 176           -2.1992188
                 177           -2.1992188
                 178           -2.1983788
                 179           -2.1992188
                 180           -2.1992188
                 181           -2.1992188
                 182           -2.1992188
                 183           -2.1992188
                 184           -2.1992188
                 185           -2.1992188
                 186           -2.1992188
                 187           -2.1992188
                 188           -2.1992188
                 189           -2.1975391
                 190           -2.1992188
                 191           -2.1992188
                 192           -2.1992188
                 193           -2.1992188
                 194           -2.1992188
                 195           -2.1992188
                 196           -2.1992188
                 197           -2.1992188
                 198           -2.1992188
                 199           -2.1992188
                 200           -2.1992188
                 201           -2.1992188
                 202           -2.1992188
                 203           -2.1992188
                 204           -2.1992188
                 205           -2.1992188
                 206           -2.1992188
                 207           -2.1992188
                 208           -2.1992188
                 209           -2.1992188
                 210           -2.1992188
                 211           -2.1992188
                 212           -2.1992188
                 213           -2.1992188
                 214           -2.1992188
                 215           -2.1992188
                 216           -2.1992188
                 217           -2.1992188
                 218           -2.1992188
                 219           -2.1992188
                 220           -2.1992188
                 221           -2.1992188
                 222           -2.1992188
                 223           -2.1992188
                 224           -2.1992188
                 225           -2.1992188
                 226           -2.1992188
                 227           -2.1992188
                 228           -2.1992188
                 229           -2.1992188
                 230           -2.1992188
                 231           -2.1992188
                 232           -2.1992188
                 233           -2.1992188
                 234           -2.1992188
                 235           -2.1992188
                 236           -2.1983788
                 237           -2.1992188
                 238           -2.1992188
                 239           -2.1992188
                 240           -2.1992188
                 241           -2.1992188
                 242           -2.1992188
                 243           -2.1992188
                 244           -2.1992188
                 245           -2.1992188
                 246           -2.1992188
                 247           -2.1992188
                 248           -2.1992188
                 249           -2.1983788
                 250           -2.1992188
                 251           -2.1992188
                 252           -2.1992188
                 253           -2.1992188
                 254           -2.1983788
                 255           -2.1992188
                 256           -2.1992188
                 257           -2.1992188
                 258           -2.1992188
                 259           -2.1992188
                 260           -2.1992188
                 261           -2.1992188
                 262           -2.1992188
                 263           -2.1992188
                 264           -2.1992188
                 265           -2.1992188
                 266           -2.1992188
                 267           -2.1992188
                 268           -2.1992188
                 269           -2.1992188
                 270           -2.1992188
                 271           -2.1992188
                 272           -2.1992188
                 273           -2.1992188
                 274           -2.1992188
                 275           -2.1992188
                 276           -2.1992188
                 277           -2.1992188
                 278           -2.1983788
                 279           -2.1992188
                 280           -2.1992188
                 281           -2.1992188
                 282           -2.1992188
                 283           -2.1992188
                 284           -2.1992188
                 285           -2.1992188
                 286           -2.1992188
                 287           -2.1992188
                 288           -2.1992188
                 289           -2.1992188
                 290           -2.1992188
                 291           -2.1992188
                 292           -2.1992188
                 293           -2.1992188
                 294           -2.1992188
                 295           -2.1992188
                 296           -2.1992188
                 297           -2.1992188
                 298           -2.1992188
                 299           -2.1992188
                 300           -2.1992188
                 301           -2.1992188
                 302           -2.1992188
                 303           -2.1992188
                 304           -2.1992188
                 305           -2.1992188
                 306           -2.1992188
                 307           -2.1992188
                 308           -2.1992188
                 309           -2.1992188
                 310           -2.1992188
                 311           -2.1992188
                 312           -2.1992188
                 313           -2.1992188
                 314           -2.1992188
                 315           -2.1992188
                 316           -2.1992188
                 317           -2.1992188
                 318           -2.1992188
                 319           -2.1992188
                 320           -2.1992188
                 321           -2.1992188
                 322           -2.1992188
                 323           -2.1992188
                 324           -2.1992188
                 325           -2.1992188
                 326           -2.1992188
                 327           -2.1992188
                 328           -2.1992188
                 329           -2.1992188
                 330           -2.1992188
                 331           -2.1992188
                 332           -2.1992188
                 333           -2.1992188
                 334           -2.1992188
                 335           -2.1992188
                 336           -2.1992188
                 337           -2.1992188
                 338           -2.1992188
                 339           -2.1992188
                 340           -2.1992188
                 341           -2.1992188
                 342           -2.1992188
                 343           -2.1992188
                 344           -2.1992188
                 345           -2.1992188
                 346           -2.1992188
                 347           -2.1992188
                 348           -2.1992188
                 349           -2.1992188
                 350           -2.1992188
                 351           -2.1992188
                 352           -2.1992188
                 353           -2.1992188
                 354           -2.1992188
                 355           -2.1992188
                 356           -2.1992188
                 357           -2.1992188
                 358           -2.1992188
                 359           -2.1992188
                 360           -2.1992188
                 361           -2.1992188
                 362           -2.1992188
                 363           -2.1992188
                 364           -2.1992188
                 365           -2.1992188
                 366           -2.1992188
                 367           -2.1992188
                 368           -2.1992188
                 369           -2.1992188
                 370           -2.1992188
                 371           -2.1992188
                 372           -2.1992188
                 373           -2.1992188
                 374           -2.1992188
                 375           -2.1992188
                 376           -2.1992188
                 377           -2.1992188
                 378           -2.1992188
                 379           -2.1983788
                 380           -2.1992188
                 381           -2.1992188
                 382           -2.1992188
                 383           -2.1992188
                 384           -2.1992188
                 385           -2.1992188
                 386           -2.1992188
                 387           -2.1992188
                 388           -2.1992188
                 389           -2.1992188
                 390           -2.1992188
                 391           -2.1992188
                 392           -2.1992188
                 393           -2.1992188
                 394           -2.1992188
                 395           -2.1992188
                 396           -2.1992188
                 397           -2.1992188
                 398           -2.1992188
                 399           -2.1992188
                 400           -2.1992188
                 401           -2.1992188
                 402           -2.1992188
                 403           -2.1992188
                 404           -2.1992188
                 405           -2.1992188
                 406           -2.1992188
                 407           -2.1992188
                 408           -2.1992188
                 409           -2.1992188
                 410           -2.1992188
                 411           -2.1992188
                 412           -2.1992188
                 413           -2.1992188
                 414           -2.1992188
                 415           -2.1992188
                 416           -2.1992188
                 417           -2.1992188
                 418           -2.1992188
                 419           -2.1992188
                 420           -2.1992188
                 421           -2.1992188
                 422           -2.1992188
                 423           -2.1992188
                 424           -2.1992188
                 425           -2.1992188
                 426           -2.1992188
                 427           -2.1992188
                 428           -2.1992188
                 429           -2.1992188
                 430           -2.1992188
                 431           -2.1992188
                 432           -2.1992188
                 433           -2.1992188
                 434           -2.1992188
                 435           -2.1992188
                 436           -2.1992188
                 437           -2.1992188
                 438           -2.1992188
                 439           -2.1992188
                 440           -2.1992188
                 441           -2.1992188
                 442           -2.1992188
                 443           -2.1992188
                 444           -2.1992188
                 445           -2.1992188
                 446           -2.1992188
                 447           -2.1992188
                 448           -2.1992188
                 449           -2.1992188
                 450           -2.1992188
                 451           -2.1992188
                 452           -2.1992188
                 453           -2.1992188
                 454           -2.1992188
                 455           -2.1992188
                 456           -2.1992188
                 457           -2.1992188
                 458           -2.1992188
                 459           -2.1992188
                 460           -2.1992188
                 461           -2.1992188
                 462           -2.1992188
                 463           -2.1992188
                 464           -2.1992188
                 465           -2.1992188
                 466           -2.1992188
                 467           -2.1992188
                 468           -2.1992188
                 469           -2.1992188
                 470           -2.1992188
                 471           -2.1992188
                 472           -2.1992188
                 473           -2.1992188
                 474           -2.1992188
                 475           -2.1992188
                 476           -2.1992188
                 477           -2.1992188
                 478           -2.1992188
                 479           -2.1992188
                 480           -2.1992188
                 481           -2.1992188
                 482           -2.1992188
                 483           -2.1983788
                 484           -2.1992188
                 485           -2.1992188
                 486           -2.1992188
                 487           -2.1992188
                 488           -2.1992188
                 489           -2.1992188
                 490           -2.1992188
                 491           -2.1992188
                 492           -2.1992188
                 493           -2.1992188
                 494           -2.1992188
                 495           -2.1992188
                 496           -2.1983788
                 497           -2.1992188
                 498           -2.1992188
                 499           -2.1992188
                 500           -2.1992188
                 501           -2.1992188
                 502           -2.1992188
                 503           -2.1992188
                 504           -2.1992188
                 505           -2.1992188
                 506           -2.1992188
                 507           -2.1992188
                 508           -2.1992188
                 509           -2.1992188
                 510           -2.1992188
                 511           -2.1983788
                 512           -2.1992188
                 513           -2.1992188
                 514           -2.1992188
                 515           -2.1992188
                 516           -2.1992188
                 517           -2.1992188
                 518           -2.1992188
                 519           -2.1992188
                 520           -2.1992188
                 521           -2.1992188
                 522           -2.1992188
                 523           -2.1992188
                 524           -2.1992188
                 525           -2.1992188
                 526           -2.1992188
                 527           -2.1992188
                 528           -2.1992188
                 529           -2.1992188
                 530           -2.1983788
                 531           -2.1983788
                 532           -2.1992188
                 533           -2.1992188
                 534           -2.1992188
                 535           -2.1992188
                 536           -2.1992188
                 537           -2.1992188
                 538           -2.1992188
                 539           -2.1992188
                 540           -2.1992188
                 541           -2.1992188
                 542           -2.1992188
                 543           -2.1992188
                 544           -2.1992188
                 545           -2.1992188
                 546           -2.1992188
                 547           -2.1992188
                 548           -2.1992188
                 549           -2.1992188
                 550           -2.1992188
                 551           -2.1992188
                 552           -2.1992188
                 553           -2.1992188
                 554           -2.1992188
                 555           -2.1992188
                 556           -2.1992188
                 557           -2.1992188
                 558           -2.1992188
                 559           -2.1992188
                 560           -2.1992188
                 561           -2.1992188
                 562           -2.1992188
                 563           -2.1992188
                 564           -2.1992188
                 565           -2.1992188
                 566           -2.1992188
                 567           -2.1992188
                 568           -2.1992188
                 569           -2.1992188
                 570           -2.1992188
                 571           -2.1992188
                 572           -2.1992188
                 573           -2.1992188
                 574           -2.1992188
                 575           -2.1992188
                 576           -2.1992188
                 577           -2.1992188
                 578           -2.1992188
                 579           -2.1992188
                 580           -2.1992188
                 581           -2.1992188
                 582           -2.1992188
                 583           -2.1992188
                 584           -2.1992188
                 585           -2.1992188
                 586           -2.1992188
                 587           -2.1992188
                 588           -2.1992188
                 589           -2.1992188
                 590           -2.1992188
                 591           -2.1992188
                 592           -2.1992188
                 593           -2.1992188
                 594           -2.1992188
                 595           -2.1992188
                 596           -2.1992188
                 597           -2.1992188
                 598           -2.1992188
                 599           -2.1992188
                 600           -2.1992188
                 601           -2.1992188
                 602           -2.1992188
                 603           -2.1992188
                 604           -2.1992188
                 605           -2.1992188
                 606           -2.1992188
                 607           -2.1992188
                 608           -2.1992188
                 609           -2.1992188
                 610           -2.1992188
                 611           -2.1992188
                 612           -2.1992188
                 613           -2.1992188
                 614           -2.1992188
                 615           -2.1992188
                 616           -2.1992188
                 617           -2.1992188
                 618           -2.1992188
                 619           -2.1992188
                 620           -2.1992188
                 621           -2.1992188
                 622           -2.1992188
                 623           -2.1992188
                 624           -2.1992188
                 625           -2.1992188
                 626           -2.1992188
                 627           -2.1992188
                 628           -2.1992188
                 629           -2.1992188
                 630           -2.1992188
                 631           -2.1992188
                 632           -2.1992188
                 633           -2.1992188
                 634           -2.1992188
                 635           -2.1992188
                 636           -2.1992188
                 637           -2.1992188
                 638           -2.1992188
                 639           -2.1992188
                 640           -2.1992188
                 641           -2.1992188
                 642           -2.1992188
                 643           -2.1992188
                 644           -2.1992188
                 645           -2.1992188
                 646           -2.1992188
                 647           -2.1992188
                 648           -2.1992188
                 649           -2.1992188
                 650           -2.1992188
                 651           -2.1992188
                 652           -2.1983788
                 653           -2.1992188
                 654           -2.1992188
                 655           -2.1992188
                 656           -2.1992188
                 657           -2.1992188
                 658           -2.1983788
                 659           -2.1992188
                 660           -2.1992188
                 661           -2.1983788
                 662           -2.1992188
                 663           -2.1992188
                 664           -2.1992188
                 665           -2.1992188
                 666           -2.1992188
                 667           -2.1992188
                 668           -2.1992188
                 669           -2.1992188
                 670           -2.1992188
                 671           -2.1992188
                 672           -2.1992188
                 673           -2.1992188
                 674           -2.1992188
                 675           -2.1992188
                 676           -2.1992188
                 677           -2.1992188
                 678           -2.1992188
                 679           -2.1992188
                 680           -2.1992188
                 681           -2.1992188
                 682           -2.1992188
                 683           -2.1992188
                 684           -2.1992188
                 685           -2.1992188
                 686           -2.1992188
                 687           -2.1992188
                 688           -2.1992188
                 689           -2.1992188
                 690           -2.1983788
                 691           -2.1992188
                 692           -2.1992188
                 693           -2.1992188
                 694           -2.1992188
                 695           -2.1992188
                 696           -2.1992188
                 697           -2.1992188
                 698           -2.1992188
                 699           -2.1992188
                 700           -2.1992188
                 701           -2.1992188
                 702           -2.1992188
                 703           -2.1992188
                 704           -2.1992188
                 705           -2.1992188
                 706           -2.1992188
                 707           -2.1992188
                 708           -2.1992188
                 709           -2.1992188
                 710           -2.1992188
                 711           -2.1992188
                 712           -2.1992188
                 713           -2.1992188
                 714           -2.1992188
                 715           -2.1992188
                 716           -2.1992188
                 717           -2.1992188
                 718           -2.1992188
                 719           -2.1992188
                 720           -2.1992188
                 721           -2.1992188
                 722           -2.1992188
                 723           -2.1992188
                 724           -2.1992188
                 725           -2.1992188
                 726           -2.1992188
                 727           -2.1992188
                 728           -2.1992188
                 729           -2.1992188
                 730           -2.1992188
                 731           -2.1992188
                 732           -2.1992188
                 733           -2.1992188
                 734           -2.1992188
                 735           -2.1992188
                 736           -2.1992188
                 737           -2.1992188
                 738           -2.1992188
                 739           -2.1992188
                 740           -2.1992188
                 741           -2.1992188
                 742           -2.1992188
                 743           -2.1992188
                 744           -2.1992188
                 745           -2.1992188
                 746           -2.1983788
                 747           -2.1992188
                 748           -2.1992188
                 749           -2.1992188
                 750           -2.1992188
                 751           -2.1992188
                 752           -2.1992188
                 753           -2.1992188
                 754           -2.1992188
                 755           -2.1992188
                 756           -2.1992188
                 757           -2.1992188
                 758           -2.1992188
                 759           -2.1992188
                 760           -2.1992188
                 761           -2.1992188
                 762           -2.1992188
                 763           -2.1992188
                 764           -2.1992188
                 765           -2.1992188
                 766           -2.1992188
                 767           -2.1992188
                 768           -2.1992188
                 769           -2.1992188
                 770           -2.1992188
                 771           -2.1992188
                 772           -2.1992188
                 773           -2.1992188
                 774           -2.1992188
                 775           -2.1992188
                 776           -2.1992188
                 777           -2.1992188
                 778           -2.1983788
                 779           -2.1992188
                 780           -2.1992188
                 781           -2.1992188
                 782           -2.1992188
                 783           -2.1992188
                 784           -2.1992188
                 785           -2.1992188
                 786           -2.1992188
                 787           -2.1992188
                 788           -2.1992188
                 789           -2.1992188
                 790           -2.1992188
                 791           -2.1992188
                 792           -2.1992188
                 793           -2.1992188
                 794           -2.1992188
                 795           -2.1992188
                 796           -2.1992188
                 797           -2.1992188
                 798           -2.1992188
                 799           -2.1992188
                 800           -2.1992188
                 801           -2.1992188
                 802           -2.1992188
                 803           -2.1992188
                 804           -2.1992188
                 805           -2.1992188
                 806           -2.1992188
                 807           -2.1992188
                 808           -2.1992188
                 809           -2.1992188
                 810           -2.1992188
                 811           -2.1983788
                 812           -2.1992188
                 813           -2.1992188
                 814           -2.1992188
                 815           -2.1992188
                 816           -2.1992188
                 817           -2.1992188
                 818           -2.1992188
                 819           -2.1992188
                 820           -2.1992188
                 821           -2.1992188
                 822           -2.1992188
                 823           -2.1983788
                 824           -2.1992188
                 825           -2.1992188
                 826           -2.1992188
                 827           -2.1992188
                 828           -2.1992188
                 829           -2.1983788
                 830           -2.1992188
                 831           -2.1992188
                 832           -2.1992188
                 833           -2.1992188
                 834           -2.1992188
                 835           -2.1992188
                 836           -2.1992188
                 837           -2.1992188
                 838           -2.1992188
                 839           -2.1992188
                 840           -2.1992188
                 841           -2.1992188
                 842           -2.1992188
                 843           -2.1992188
                 844           -2.1992188
                 845           -2.1992188
                 846           -2.1992188
                 847           -2.1992188
                 848           -2.1992188
                 849           -2.1992188
                 850           -2.1992188
                 851           -2.1992188
                 852           -2.1992188
                 853           -2.1992188
                 854           -2.1983788
                 855           -2.1992188
                 856           -2.1992188
                 857           -2.1992188
                 858           -2.1992188
                 859           -2.1992188
                 860           -2.1992188
                 861           -2.1983788
                 862           -2.1992188
                 863           -2.1992188
                 864           -2.1992188
                 865           -2.1992188
                 866           -2.1992188
                 867           -2.1992188
                 868           -2.1992188
                 869           -2.1992188
                 870           -2.1992188
                 871           -2.1992188
                 872           -2.1992188
                 873           -2.1992188
                 874           -2.1992188
                 875           -2.1992188
                 876           -2.1992188
                 877           -2.1992188
                 878           -2.1992188
                 879           -2.1992188
                 880           -2.1992188
                 881           -2.1992188
                 882           -2.1992188
                 883           -2.1992188
                 884           -2.1983788
                 885           -2.1992188
                 886           -2.1992188
                 887           -2.1992188
                 888           -2.1992188
                 889           -2.1992188
                 890           -2.1992188
                 891           -2.1992188
                 892           -2.1992188
                 893           -2.1992188
                 894           -2.1992188
                 895           -2.1992188
                 896           -2.1992188
                 897           -2.1992188
                 898           -2.1992188
                 899           -2.1992188
                 900           -2.1992188
                 901           -2.1992188
                 902           -2.1983788
                 903           -2.1992188
                 904           -2.1992188
                 905           -2.1992188
                 906           -2.1992188
                 907           -2.1992188
                 908           -2.1992188
                 909           -2.1992188
                 910           -2.1992188
                 911           -2.1992188
                 912           -2.1992188
                 913           -2.1992188
                 914           -2.1992188
                 915           -2.1992188
                 916           -2.1992188
                 917           -2.1992188
                 918           -2.1992188
                 919           -2.1992188
                 920           -2.1992188
                 921           -2.1992188
                 922           -2.1992188
                 923           -2.1992188
                 924           -2.1992188
                 925           -2.1992188
                 926           -2.1992188
                 927           -2.1992188
                 928           -2.1992188
                 929           -2.1992188
                 930           -2.1992188
                 931           -2.1992188
                 932           -2.1992188
                 933           -2.1992188
                 934           -2.1992188
                 935           -2.1992188
                 936           -2.1992188
                 937           -2.1992188
                 938           -2.1992188
                 939           -2.1992188
                 940           -2.1992188
                 941           -2.1992188
                 942           -2.1992188
                 943           -2.1992188
                 944           -2.1992188
                 945           -2.1992188
                 946           -2.1992188
                 947           -2.1992188
                 948           -2.1992188
                 949           -2.1992188
                 950           -2.1992188
                 951           -2.1992188
                 952           -2.1992188
                 953           -2.1992188
                 954           -2.1992188
                 955           -2.1992188
                 956           -2.1992188
                 957           -2.1992188
                 958           -2.1992188
                 959           -2.1992188
                 960           -2.1992188
                 961           -2.1992188
                 962           -2.1992188
                 963           -2.1992188
                 964           -2.1992188
                 965           -2.1992188
                 966           -2.1992188
                 967           -2.1992188
                 968           -2.1992188
                 969           -2.1992188
                 970           -2.1992188
                 971           -2.1992188
                 972           -2.1992188
                 973           -2.1992188
                 974           -2.1992188
                 975           -2.1992188
                 976           -2.1992188
                 977           -2.1992188
                 978           -2.1992188
                 979           -2.1992188
                 980           -2.1992188
                 981           -2.1992188
                 982           -2.1992188
                 983           -2.1992188
                 984           -2.1992188
                 985           -2.1992188
                 986           -2.1992188
                 987           -2.1992188
                 988           -2.1992188
                 989           -2.1992188
                 990           -2.1992188
                 991           -2.1983788
                 992           -2.1992188
                 993           -2.1992188
                 994           -2.1992188
                 995           -2.1992188
                 996           -2.1992188
                 997           -2.1992188
                 998           -2.1992188
                 999           -2.1992188
                1000           -2.1992188
