                   1          -0.56000006
                   2          -0.63999999
                   3          -0.56000006
                   4          -0.63999999
                   5          -0.71999991
                   6          -0.28000003
                   7          -0.75999987
                   8          -0.28000003
                   9          -0.75999987
                  10          -0.32000002
                  11          -0.75999987
                  12          -0.71999991
                  13                  0.2
                  14                 0.16
                  15           -1.1999998
                  16          -0.71999991
                  17                 -0.2
                  18          -0.60000002
                  19          -0.67999995
                  20                 -0.2
                  21          -0.32000002
                  22          -0.28000003
                  23          -0.67999995
                  24          -0.75999987
                  25          -0.32000002
                  26          -0.75999987
                  27          -0.71999991
                  28          -0.75999987
                  29          -0.75999987
                  30          -0.75999987
                  31           -1.1999998
                  32          -0.28000003
                  33          -0.48000011
                  34           -0.5200001
                  35         -0.079999983
                  36          -0.44000015
                  37          -0.48000011
                  38          -0.44000015
                  39          -0.80000019
                  40           -0.5200001
                  41          -0.60000002
                  42           -1.1999998
                  43           -1.1999998
                  44          -0.32000002
                  45          -0.75999987
                  46           0.11999998
                  47          -0.56000006
                  48          -0.60000002
                  49          -0.71999991
                  50          -0.75999987
                  51           -1.1999998
                  52                  0.2
                  53          -0.24000001
                  54          -0.11999998
                  55          -0.60000002
                  56          -0.63999999
                  57          -0.67999995
                  58           -1.1999998
                  59           -1.1999998
                  60          -0.71999991
                  61          -0.67999995
                  62          -0.60000002
                  63                 -0.2
                  64          -0.71999991
                  65          -0.75999987
                  66           -1.1999998
                  67          -0.71999991
                  68          -0.67999995
                  69          -0.28000003
                  70                 0.16
                  71          -0.71999991
                  72          -0.71999991
                  73          -0.71999991
                  74           -1.1999998
                  75           -1.1999998
                  76          -0.75999987
                  77          -0.32000002
                  78          -0.32000002
                  79          -0.75999987
                  80          -0.60000002
                  81          -0.63999999
                  82          -0.60000002
                  83          -0.63999999
                  84          -0.60000002
                  85          -0.56000006
                  86                -0.16
                  87          -0.60000002
                  88          -0.71999991
                  89          -0.75999987
                  90           -1.1999998
                  91          -0.75999987
                  92          -0.75999987
                  93          -0.75999987
                  94           0.11999998
                  95          -0.63999999
                  96          -0.60000002
                  97          -0.63999999
                  98          -0.24000001
                  99          -0.32000002
                 100          -0.24000001
                 101          -0.60000002
                 102          -0.44000015
                 103          -0.44000015
                 104          -0.71999991
                 105          -0.75999987
                 106           -1.1999998
                 107          -0.24000001
                 108          -0.32000002
                 109          -0.75999987
                 110          -0.75999987
                 111          -0.67999995
                 112           -1.1999998
                 113           -1.1999998
                 114           -1.1999998
                 115          -0.67999995
                 116          -0.67999995
                 117          -0.28000003
                 118          -0.24000001
                 119                -0.16
                 120          -0.44000015
                 121                 -0.2
                 122          -0.24000001
                 123          -0.75999987
                 124          -0.71999991
                 125          -0.63999999
                 126          -0.32000002
                 127          -0.71999991
                 128          -0.71999991
                 129          -0.63999999
                 130          -0.28000003
                 131          -0.28000003
                 132          -0.28000003
                 133          -0.67999995
                 134          -0.63999999
                 135          -0.75999987
                 136          -0.75999987
                 137          -0.75999987
                 138           -0.5200001
                 139          -0.48000011
                 140          -0.44000015
                 141          -0.44000015
                 142          -0.67999995
                 143          -0.60000002
                 144          -0.24000001
                 145          -0.24000001
                 146           -0.5200001
                 147          -0.11999998
                 148           0.24000001
                 149          -0.75999987
                 150           0.11999998
                 151                 -0.2
                 152          -0.48000011
                 153          -0.44000015
                 154          -0.60000002
                 155          -0.28000003
                 156          -0.63999999
                 157          -0.75999987
                 158          -0.67999995
                 159           -0.5200001
                 160          -0.44000015
                 161          -0.44000015
                 162          -0.48000011
                 163         -0.079999983
                 164          -0.63999999
                 165          -0.48000011
                 166                 -0.2
                 167           -0.5200001
                 168          -0.75999987
                 169          -0.28000003
                 170          -0.75999987
                 171          -0.32000002
                 172          -0.67999995
                 173          -0.67999995
                 174          -0.75999987
                 175          -0.71999991
                 176          -0.28000003
                 177          -0.63999999
                 178                -0.16
                 179          -0.56000006
                 180                -0.16
                 181          -0.80000019
                 182          -0.80000019
                 183                -0.16
                 184          -0.71999991
                 185          -0.28000003
                 186          -0.32000002
                 187          -0.71999991
                 188          -0.71999991
                 189           -1.1999998
                 190          -0.75999987
                 191           -1.1999998
                 192           -1.1999998
                 193          -0.75999987
                 194          -0.75999987
                 195          -0.75999987
                 196          -0.75999987
                 197          -0.32000002
                 198          -0.75999987
                 199          -0.32000002
                 200          -0.67999995
                 201                  0.2
                 202          -0.24000001
                 203          -0.28000003
                 204          -0.75999987
                 205           -1.1999998
                 206          -0.71999991
                 207           -1.1999998
                 208          -0.75999987
                 209           -1.1999998
                 210          -0.32000002
                 211           -1.1999998
                 212          -0.28000003
                 213          -0.28000003
                 214          -0.75999987
                 215          -0.32000002
                 216          -0.71999991
                 217          -0.71999991
                 218          -0.75999987
                 219           -1.1999998
                 220          -0.71999991
                 221          -0.71999991
                 222          -0.67999995
                 223          -0.71999991
                 224          -0.32000002
                 225          -0.75999987
                 226          -0.28000003
                 227          -0.28000003
                 228          -0.67999995
                 229          -0.32000002
                 230          -0.63999999
                 231          -0.32000002
                 232           -1.1999998
                 233          -0.63999999
                 234          -0.56000006
                 235          -0.60000002
                 236          -0.60000002
                 237          -0.24000001
                 238          -0.75999987
                 239          -0.71999991
                 240          -0.71999991
                 241          -0.63999999
                 242          -0.63999999
                 243          -0.24000001
                 244           -1.1999998
                 245          -0.71999991
                 246          -0.63999999
                 247          -0.11999998
                 248          -0.11999998
                 249          -0.11999998
                 250           -0.5200001
                 251                 0.16
                 252          -0.75999987
                 253           -1.1999998
                 254          -0.71999991
                 255          -0.75999987
                 256          -0.75999987
                 257          -0.24000001
                 258                  0.2
                 259           -1.1999998
                 260           -1.1999998
                 261           -1.1999998
                 262                 -0.2
                 263          -0.60000002
                 264          -0.60000002
                 265          -0.28000003
                 266                 0.16
                 267          -0.63999999
                 268          -0.11999998
                 269           -0.5200001
                 270         -0.079999983
                 271                -0.16
                 272          -0.67999995
                 273          -0.60000002
                 274                -0.16
                 275                -0.16
                 276          -0.75999987
                 277           -1.1999998
                 278           -1.1999998
                 279          -0.75999987
                 280          -0.75999987
                 281          -0.75999987
                 282          -0.71999991
                 283          -0.75999987
                 284          -0.67999995
                 285          -0.75999987
                 286          -0.71999991
                 287          -0.71999991
                 288           0.11999998
                 289          -0.63999999
                 290          -0.67999995
                 291                 -0.2
                 292          -0.63999999
                 293                  0.2
                 294          -0.60000002
                 295           -0.5200001
                 296           -0.5200001
                 297          -0.56000006
                 298          -0.56000006
                 299          -0.28000003
                 300          -0.63999999
                 301          -0.75999987
                 302           -1.1999998
                 303          -0.67999995
                 304          -0.67999995
                 305          -0.67999995
                 306          -0.71999991
                 307          -0.71999991
                 308          -0.63999999
                 309          -0.24000001
                 310          -0.71999991
                 311           -1.1999998
                 312          -0.75999987
                 313           -1.1999998
                 314           -1.1999998
                 315          -0.24000001
                 316                -0.16
                 317                -0.16
                 318          -0.11999998
                 319          -0.11999998
                 320          -0.67999995
                 321          -0.67999995
                 322          -0.75999987
                 323          -0.75999987
                 324          -0.71999991
                 325          -0.75999987
                 326                 -0.2
                 327          -0.63999999
                 328          -0.75999987
                 329           -1.1999998
                 330           -1.1999998
                 331          -0.75999987
                 332          -0.28000003
                 333          -0.56000006
                 334          -0.56000006
                 335                 -0.2
                 336           -1.1999998
                 337          -0.75999987
                 338           -1.1999998
                 339          -0.75999987
                 340                 -0.2
                 341          -0.28000003
                 342          -0.24000001
                 343          -0.24000001
                 344                -0.16
                 345          -0.63999999
                 346          -0.60000002
                 347          -0.63999999
                 348          -0.75999987
                 349          -0.75999987
                 350          -0.60000002
                 351          -0.60000002
                 352           -0.5200001
                 353           -0.5200001
                 354           -0.5200001
                 355          -0.71999991
                 356          -0.75999987
                 357          -0.32000002
                 358          -0.75999987
                 359          -0.71999991
                 360                -0.16
                 361          -0.28000003
                 362          -0.67999995
                 363          -0.67999995
                 364          -0.63999999
                 365           -0.5200001
                 366           -0.5200001
                 367           0.24000001
                 368          -0.28000003
                 369          -0.24000001
                 370          -0.71999991
                 371          -0.75999987
                 372          -0.32000002
                 373          -0.48000011
                 374          -0.56000006
                 375          -0.63999999
                 376          -0.71999991
                 377          -0.75999987
                 378           -1.1999998
                 379           -1.1999998
                 380          -0.71999991
                 381          -0.75999987
                 382          -0.28000003
                 383          -0.75999987
                 384                 -0.2
                 385          -0.28000003
                 386          -0.71999991
                 387           -1.1999998
                 388           -1.1999998
                 389          -0.32000002
                 390          -0.75999987
                 391          -0.71999991
                 392          -0.63999999
                 393                 -0.2
                 394          -0.75999987
                 395          -0.75999987
                 396          -0.75999987
                 397           -1.1999998
                 398          -0.71999991
                 399          -0.71999991
                 400          -0.75999987
                 401           -1.1999998
                 402          -0.71999991
                 403          -0.75999987
                 404          -0.28000003
                 405           0.11999998
                 406          -0.24000001
                 407                 0.16
                 408          -0.56000006
                 409          -0.48000011
                 410           -0.5200001
                 411          -0.56000006
                 412          -0.56000006
                 413                -0.16
                 414                 -0.2
                 415          -0.56000006
                 416          -0.80000019
                 417          -0.60000002
                 418          -0.60000002
                 419          -0.60000002
                 420          -0.44000015
                 421           -0.5200001
                 422          -0.56000006
                 423          -0.63999999
                 424                -0.16
                 425           0.24000001
                 426          -0.67999995
                 427          -0.63999999
                 428          -0.56000006
                 429          -0.28000003
                 430                 -0.2
                 431          -0.60000002
                 432          -0.60000002
                 433           -0.5200001
                 434          -0.60000002
                 435                -0.16
                 436           0.28000003
                 437          -0.24000001
                 438          -0.60000002
                 439          -0.24000001
                 440           -1.1999998
                 441          -0.24000001
                 442          -0.24000001
                 443          -0.56000006
                 444          -0.63999999
                 445          -0.28000003
                 446          -0.32000002
                 447                 -0.2
                 448          -0.24000001
                 449          -0.71999991
                 450          -0.60000002
                 451          -0.80000019
                 452          -0.44000015
                 453          -0.56000006
                 454          -0.28000003
                 455          -0.28000003
                 456          -0.75999987
                 457          -0.75999987
                 458          -0.75999987
                 459                 -0.2
                 460          -0.28000003
                 461                 0.16
                 462          -0.32000002
                 463          -0.28000003
                 464          -0.63999999
                 465          -0.67999995
                 466          -0.63999999
                 467          -0.63999999
                 468          -0.60000002
                 469                 -0.2
                 470          -0.71999991
                 471          -0.60000002
                 472           -1.1999998
                 473          -0.75999987
                 474          -0.28000003
                 475           -1.1999998
                 476           -1.1999998
                 477          -0.75999987
                 478          -0.32000002
                 479          -0.32000002
                 480          -0.71999991
                 481                 -0.2
                 482          -0.67999995
                 483          -0.24000001
                 484                -0.16
                 485          -0.24000001
                 486                -0.16
                 487          -0.63999999
                 488          -0.63999999
                 489           -1.1999998
                 490          -0.75999987
                 491          -0.75999987
                 492          -0.28000003
                 493           -1.1999998
                 494           -1.1999998
                 495           -1.1999998
                 496                -0.16
                 497          -0.60000002
                 498          -0.60000002
                 499                 -0.2
                 500          -0.24000001
                 501          -0.71999991
                 502          -0.28000003
                 503          -0.28000003
                 504           -1.1999998
                 505          -0.71999991
                 506                 -0.2
                 507                -0.16
                 508          -0.48000011
                 509          -0.11999998
                 510          -0.28000003
                 511                 -0.2
                 512                 -0.2
                 513          -0.32000002
                 514          -0.32000002
                 515          -0.75999987
                 516           -1.1999998
                 517          -0.71999991
                 518          -0.75999987
                 519                -0.16
                 520          -0.24000001
                 521          -0.67999995
                 522          -0.67999995
                 523          -0.67999995
                 524          -0.63999999
                 525          -0.56000006
                 526          -0.48000011
                 527          -0.44000015
                 528          -0.32000002
                 529          -0.28000003
                 530           -1.1999998
                 531           -1.1999998
                 532           -1.1999998
                 533          -0.67999995
                 534          -0.32000002
                 535          -0.75999987
                 536          -0.75999987
                 537           -1.1999998
                 538          -0.32000002
                 539          -0.75999987
                 540           -1.1999998
                 541          -0.67999995
                 542          -0.56000006
                 543          -0.28000003
                 544                -0.16
                 545           -0.5200001
                 546          -0.63999999
                 547          -0.67999995
                 548          -0.67999995
                 549          -0.75999987
                 550          -0.67999995
                 551          -0.71999991
                 552          -0.71999991
                 553          -0.75999987
                 554          -0.75999987
                 555          -0.32000002
                 556          -0.75999987
                 557           -1.1999998
                 558          -0.71999991
                 559          -0.24000001
                 560          -0.71999991
                 561          -0.67999995
                 562          -0.11999998
                 563                 -0.2
                 564                -0.16
                 565           -0.5200001
                 566                -0.16
                 567          -0.24000001
                 568          -0.24000001
                 569                 -0.2
                 570          -0.48000011
                 571          -0.60000002
                 572          -0.60000002
                 573          -0.48000011
                 574          -0.24000001
                 575          -0.75999987
                 576          -0.75999987
                 577           -1.1999998
                 578           -1.1999998
                 579           -1.1999998
                 580          -0.75999987
                 581          -0.75999987
                 582          -0.63999999
                 583                  0.2
                 584           -1.1999998
                 585           -1.1999998
                 586          -0.75999987
                 587          -0.28000003
                 588                 -0.2
                 589          -0.67999995
                 590          -0.71999991
                 591           -0.5200001
                 592          -0.67999995
                 593                -0.16
                 594          -0.24000001
                 595          -0.67999995
                 596          -0.11999998
                 597          -0.67999995
                 598           -1.1999998
                 599           -1.1999998
                 600          -0.32000002
                 601                  0.2
                 602          -0.32000002
                 603          -0.75999987
                 604          -0.75999987
                 605          -0.75999987
                 606          -0.32000002
                 607          -0.32000002
                 608          -0.75999987
                 609          -0.75999987
                 610          -0.56000006
                 611          -0.63999999
                 612          -0.67999995
                 613          -0.71999991
                 614          -0.63999999
                 615          -0.75999987
                 616           -1.1999998
                 617           -1.1999998
                 618           -1.1999998
                 619                -0.16
                 620          -0.48000011
                 621          -0.44000015
                 622          -0.11999998
                 623          -0.60000002
                 624          -0.60000002
                 625          -0.24000001
                 626          -0.63999999
                 627          -0.60000002
                 628           -0.5200001
                 629          -0.44000015
                 630         -0.079999983
                 631          -0.44000015
                 632         -0.079999983
                 633          -0.48000011
                 634          -0.60000002
                 635          -0.63999999
                 636          -0.11999998
                 637          -0.11999998
                 638           -0.5200001
                 639          -0.60000002
                 640          -0.67999995
                 641           0.11999998
                 642          -0.67999995
                 643          -0.24000001
                 644          -0.75999987
                 645          -0.67999995
                 646          -0.63999999
                 647           -1.1999998
                 648          -0.71999991
                 649          -0.67999995
                 650          -0.75999987
                 651                 -0.2
                 652          -0.60000002
                 653          -0.60000002
                 654          -0.44000015
                 655          -0.80000019
                 656         -0.079999983
                 657         -0.079999983
                 658                 -0.2
                 659          -0.60000002
                 660          -0.60000002
                 661          -0.67999995
                 662          -0.44000015
                 663          -0.80000019
                 664          -0.44000015
                 665          -0.48000011
                 666          -0.44000015
                 667          -0.44000015
                 668          -0.80000019
                 669          -0.48000011
                 670          -0.56000006
                 671           -0.5200001
                 672                -0.16
                 673          -0.32000002
                 674          -0.75999987
                 675           -0.5200001
                 676           -0.5200001
                 677          -0.56000006
                 678          -0.60000002
                 679          -0.48000011
                 680          -0.60000002
                 681                -0.16
                 682          -0.60000002
                 683          -0.11999998
                 684          -0.60000002
                 685          -0.63999999
                 686          -0.67999995
                 687          -0.28000003
                 688          -0.80000019
                 689          -0.44000015
                 690          -0.24000001
                 691          -0.24000001
                 692          -0.71999991
                 693          -0.63999999
                 694          -0.11999998
                 695          -0.11999998
                 696         -0.079999983
                 697         -0.079999983
                 698                 -0.2
                 699                 0.16
                 700          -0.63999999
                 701          -0.71999991
                 702           -1.1999998
                 703           -1.1999998
                 704          -0.28000003
                 705          -0.71999991
                 706          -0.67999995
                 707          -0.71999991
                 708          -0.63999999
                 709          -0.56000006
                 710                -0.16
                 711           0.24000001
                 712           0.24000001
                 713          -0.63999999
                 714          -0.75999987
                 715          -0.71999991
                 716           -1.1999998
                 717           -1.1999998
                 718          -0.24000001
                 719          -0.28000003
                 720          -0.60000002
                 721          -0.71999991
                 722           0.24000001
                 723          -0.56000006
                 724           -1.1999998
                 725                 0.16
                 726          -0.67999995
                 727                -0.16
                 728          -0.60000002
                 729          -0.60000002
                 730          -0.48000011
                 731          -0.63999999
                 732                  0.2
                 733                -0.16
                 734          -0.67999995
                 735          -0.11999998
                 736           0.11999998
                 737          -0.75999987
                 738           -1.1999998
                 739          -0.75999987
                 740          -0.56000006
                 741          -0.63999999
                 742          -0.71999991
                 743          -0.60000002
                 744          -0.75999987
                 745          -0.67999995
                 746          -0.24000001
                 747           0.24000001
                 748          -0.32000002
                 749          -0.75999987
                 750          -0.32000002
                 751          -0.24000001
                 752          -0.24000001
                 753          -0.24000001
                 754          -0.75999987
                 755          -0.63999999
                 756          -0.56000006
                 757          -0.11999998
                 758          -0.48000011
                 759          -0.48000011
                 760          -0.48000011
                 761          -0.44000015
                 762          -0.48000011
                 763                  0.2
                 764          -0.11999998
                 765          -0.48000011
                 766         -0.079999983
                 767          -0.11999998
                 768           -0.5200001
                 769           -0.5200001
                 770          -0.48000011
                 771          -0.48000011
                 772         -0.079999983
                 773                  0.2
                 774          -0.28000003
                 775                 -0.2
                 776          -0.28000003
                 777          -0.75999987
                 778          -0.71999991
                 779          -0.67999995
                 780          -0.60000002
                 781                -0.16
                 782         -0.079999983
                 783         -0.079999983
                 784          -0.67999995
                 785          -0.63999999
                 786          -0.71999991
                 787          -0.63999999
                 788          -0.71999991
                 789          -0.24000001
                 790          -0.71999991
                 791          -0.67999995
                 792          -0.60000002
                 793          -0.32000002
                 794          -0.63999999
                 795          -0.63999999
                 796          -0.71999991
                 797          -0.75999987
                 798          -0.28000003
                 799          -0.75999987
                 800          -0.28000003
                 801          -0.28000003
                 802          -0.28000003
                 803                 -0.2
                 804          -0.60000002
                 805          -0.56000006
                 806          -0.28000003
                 807          -0.11999998
                 808           -0.5200001
                 809          -0.63999999
                 810          -0.24000001
                 811           -0.5200001
                 812          -0.56000006
                 813          -0.60000002
                 814          -0.71999991
                 815          -0.75999987
                 816          -0.71999991
                 817          -0.67999995
                 818           -1.1999998
                 819           -1.1999998
                 820           -1.1999998
                 821          -0.24000001
                 822           -0.5200001
                 823          -0.56000006
                 824           -0.5200001
                 825          -0.71999991
                 826          -0.67999995
                 827          -0.67999995
                 828                 -0.2
                 829          -0.75999987
                 830          -0.75999987
                 831          -0.24000001
                 832                 -0.2
                 833          -0.60000002
                 834          -0.71999991
                 835          -0.71999991
                 836           -1.1999998
                 837          -0.71999991
                 838          -0.71999991
                 839          -0.63999999
                 840          -0.63999999
                 841          -0.80000019
                 842          -0.80000019
                 843          -0.44000015
                 844                -0.16
                 845          -0.24000001
                 846          -0.67999995
                 847          -0.28000003
                 848          -0.28000003
                 849           -0.5200001
                 850          -0.44000015
                 851          -0.48000011
                 852          -0.44000015
                 853          -0.60000002
                 854          -0.11999998
                 855          -0.48000011
                 856          -0.44000015
                 857                -0.16
                 858          -0.28000003
                 859                 -0.2
                 860          -0.28000003
                 861          -0.75999987
                 862          -0.63999999
                 863          -0.71999991
                 864                 -0.2
                 865          -0.60000002
                 866          -0.60000002
                 867          -0.32000002
                 868          -0.63999999
                 869          -0.67999995
                 870          -0.63999999
                 871                 0.16
                 872          -0.67999995
                 873           -1.1999998
                 874          -0.75999987
                 875          -0.28000003
                 876                 -0.2
                 877                -0.16
                 878          -0.24000001
                 879          -0.11999998
                 880          -0.11999998
                 881          -0.56000006
                 882          -0.63999999
                 883          -0.28000003
                 884          -0.63999999
                 885          -0.60000002
                 886          -0.44000015
                 887          -0.48000011
                 888          -0.44000015
                 889          -0.80000019
                 890          -0.24000001
                 891          -0.71999991
                 892          -0.67999995
                 893          -0.75999987
                 894          -0.75999987
                 895          -0.67999995
                 896          -0.71999991
                 897          -0.24000001
                 898          -0.11999998
                 899          -0.63999999
                 900                  0.2
                 901                  0.2
                 902          -0.28000003
                 903                 -0.2
                 904          -0.24000001
                 905          -0.75999987
                 906          -0.71999991
                 907          -0.28000003
                 908          -0.56000006
                 909          -0.67999995
                 910          -0.60000002
                 911          -0.75999987
                 912          -0.75999987
                 913          -0.75999987
                 914           -1.1999998
                 915          -0.67999995
                 916          -0.32000002
                 917           -0.5200001
                 918           0.24000001
                 919                 -0.2
                 920          -0.48000011
                 921          -0.44000015
                 922          -0.48000011
                 923          -0.44000015
                 924          -0.48000011
                 925           0.28000003
                 926                -0.16
                 927           -0.5200001
                 928                -0.16
                 929          -0.11999998
                 930          -0.56000006
                 931          -0.11999998
                 932          -0.24000001
                 933          -0.56000006
                 934                  0.2
                 935          -0.32000002
                 936          -0.24000001
                 937                 -0.2
                 938                 -0.2
                 939          -0.28000003
                 940          -0.28000003
                 941          -0.75999987
                 942          -0.71999991
                 943          -0.24000001
                 944          -0.71999991
                 945          -0.75999987
                 946          -0.75999987
                 947          -0.71999991
                 948          -0.32000002
                 949          -0.71999991
                 950          -0.32000002
                 951          -0.67999995
                 952          -0.67999995
                 953          -0.67999995
                 954          -0.75999987
                 955          -0.44000015
                 956          -0.48000011
                 957          -0.80000019
                 958           0.24000001
                 959          -0.24000001
                 960           -1.1999998
                 961          -0.71999991
                 962          -0.75999987
                 963           0.11999998
                 964          -0.24000001
                 965          -0.24000001
                 966           0.28000003
                 967          -0.44000015
                 968           -0.5200001
                 969          -0.11999998
                 970          -0.63999999
                 971          -0.71999991
                 972          -0.63999999
                 973                 -0.2
                 974          -0.63999999
                 975          -0.67999995
                 976          -0.71999991
                 977          -0.63999999
                 978          -0.63999999
                 979          -0.67999995
                 980          -0.28000003
                 981           -1.1999998
                 982          -0.60000002
                 983          -0.67999995
                 984          -0.75999987
                 985           -1.1999998
                 986          -0.71999991
                 987          -0.75999987
                 988          -0.63999999
                 989          -0.56000006
                 990          -0.11999998
                 991           -0.5200001
                 992          -0.63999999
                 993           -0.5200001
                 994          -0.80000019
                 995          -0.80000019
                 996           -0.5200001
                 997          -0.32000002
                 998           0.11999998
                 999          -0.28000003
                1000          -0.56000006
