                   1           -1.4719983
                   2           -1.7799978
                   3           -1.9359974
                   4           -2.1999969
                   5           -2.1999969
                   6           -2.1999969
                   7           -2.1999969
                   8           -2.1999969
                   9           -2.1999969
                  10           -2.1999969
                  11           -2.1999969
                  12           -2.1999969
                  13           -2.1999969
                  14           -2.1999969
                  15           -2.1999969
                  16           -2.1999969
                  17           -2.1999969
                  18           -2.1999969
                  19           -2.1999969
                  20           -2.1999969
                  21           -2.1999969
                  22           -2.1999969
                  23           -2.1999969
                  24           -2.1999969
                  25           -2.1999969
                  26           -2.1999969
                  27           -2.1999969
                  28           -2.1999969
                  29           -2.1999969
                  30           -2.1999969
                  31           -2.1999969
                  32           -2.1999969
                  33           -2.1999969
                  34           -2.1999969
                  35           -2.1999969
                  36           -2.1999969
                  37           -2.1999969
                  38           -2.1999969
                  39           -2.1999969
                  40           -2.1999969
                  41           -2.1999969
                  42           -2.1999969
                  43           -2.1999969
                  44           -2.1999969
                  45           -2.1999969
                  46           -2.1999969
                  47           -2.1999969
                  48           -2.1999969
                  49           -2.1999969
                  50           -2.1999969
                  51           -2.1999969
                  52           -2.1999969
                  53           -2.1999969
                  54           -2.1999969
                  55           -2.1999969
                  56           -2.1999969
                  57           -2.1999969
                  58           -2.1999969
                  59           -2.1999969
                  60           -2.1999969
                  61           -2.1999969
                  62           -2.1999969
                  63           -2.1999969
                  64           -2.1999969
                  65           -2.1999969
                  66           -2.1999969
                  67           -2.1999969
                  68           -2.1999969
                  69           -2.1999969
                  70           -2.1999969
                  71           -2.1999969
                  72           -2.1999969
                  73           -2.1999969
                  74           -2.1999969
                  75           -2.1999969
                  76           -2.1999969
                  77           -2.1999969
                  78           -2.1999969
                  79           -2.1999969
                  80           -2.1999969
                  81           -2.1999969
                  82           -2.1999969
                  83           -2.1999969
                  84           -2.1999969
                  85           -2.1999969
                  86           -2.1999969
                  87           -2.1999969
                  88           -2.1999969
                  89           -2.1999969
                  90           -2.1999969
                  91           -2.1999969
                  92           -2.1999969
                  93           -2.1999969
                  94           -2.1999969
                  95           -2.1999969
                  96           -2.1999969
                  97           -2.1999969
                  98           -2.1999969
                  99           -2.1999969
                 100           -2.1999969
                 101           -2.1999969
                 102           -2.1999969
                 103           -2.1999969
                 104           -2.1999969
                 105           -2.1999969
                 106           -2.1999969
                 107           -2.1999969
                 108           -2.1999969
                 109           -2.1999969
                 110           -2.1999969
                 111           -2.1999969
                 112           -2.1999969
                 113           -2.1999969
                 114           -2.1999969
                 115           -2.1999969
                 116           -2.1999969
                 117           -2.1999969
                 118           -2.1999969
                 119           -2.1999969
                 120           -2.1999969
                 121           -2.1999969
                 122           -2.1999969
                 123           -2.1999969
                 124           -2.1999969
                 125           -2.1999969
                 126           -2.1999969
                 127           -2.1999969
                 128           -2.1999969
                 129           -2.1999969
                 130           -2.1999969
                 131           -2.1999969
                 132           -2.1999969
                 133           -2.1999969
                 134           -2.1999969
                 135           -2.1999969
                 136           -2.1999969
                 137           -2.1999969
                 138           -2.1999969
                 139           -2.1999969
                 140           -2.1999969
                 141           -2.1999969
                 142           -2.1999969
                 143           -2.1999969
                 144           -2.1999969
                 145           -2.1999969
                 146           -2.1999969
                 147           -2.1999969
                 148           -2.1999969
                 149           -2.1999969
                 150           -2.1999969
                 151           -2.1999969
                 152           -2.1999969
                 153           -2.1999969
                 154           -2.1999969
                 155           -2.1999969
                 156           -2.1999969
                 157           -2.1999969
                 158           -2.1999969
                 159           -2.1999969
                 160           -2.1999969
                 161           -2.1999969
                 162           -2.1999969
                 163           -2.1999969
                 164           -2.1999969
                 165           -2.1999969
                 166           -2.1999969
                 167           -2.1999969
                 168           -2.1999969
                 169           -2.1999969
                 170           -2.1999969
                 171           -2.1999969
                 172           -2.1999969
                 173           -2.1999969
                 174           -2.1999969
                 175           -2.1999969
                 176           -2.1999969
                 177           -2.1999969
                 178           -2.1999969
                 179           -2.1999969
                 180           -2.1999969
                 181           -2.1999969
                 182           -2.1999969
                 183           -2.1999969
                 184           -2.1999969
                 185           -2.1999969
                 186           -2.1999969
                 187           -2.1999969
                 188           -2.1999969
                 189           -2.1999969
                 190           -2.1999969
                 191           -2.1999969
                 192           -2.1999969
                 193           -2.1999969
                 194           -2.1999969
                 195           -2.1999969
                 196           -2.1999969
                 197           -2.1999969
                 198           -2.1999969
                 199           -2.1999969
                 200           -2.1999969
                 201           -2.1999969
                 202           -2.1999969
                 203           -2.1999969
                 204           -2.1999969
                 205           -2.1999969
                 206           -2.1999969
                 207           -2.1999969
                 208           -2.1999969
                 209           -2.1999969
                 210           -2.1999969
                 211           -2.1999969
                 212           -2.1999969
                 213           -2.1999969
                 214           -2.1999969
                 215           -2.1999969
                 216           -2.1999969
                 217           -2.1999969
                 218           -2.1999969
                 219           -2.1999969
                 220           -2.1999969
                 221           -2.1999969
                 222           -2.1999969
                 223           -2.1999969
                 224           -2.1999969
                 225           -2.1999969
                 226           -2.1999969
                 227           -2.1999969
                 228           -2.1999969
                 229           -2.1999969
                 230           -2.1999969
                 231           -2.1999969
                 232           -2.1999969
                 233           -2.1999969
                 234           -2.1999969
                 235           -2.1999969
                 236           -2.1999969
                 237           -2.1999969
                 238           -2.1999969
                 239           -2.1999969
                 240           -2.1999969
                 241           -2.1999969
                 242           -2.1999969
                 243           -2.1999969
                 244           -2.1999969
                 245           -2.1999969
                 246           -2.1999969
                 247           -2.1999969
                 248           -2.1999969
                 249           -2.1999969
                 250           -2.1999969
                 251           -2.1999969
                 252           -2.1999969
                 253           -2.1999969
                 254           -2.1999969
                 255           -2.1999969
                 256           -2.1999969
                 257           -2.1999969
                 258           -2.1999969
                 259           -2.1999969
                 260           -2.1999969
                 261           -2.1999969
                 262           -2.1999969
                 263           -2.1999969
                 264           -2.1999969
                 265           -2.1999969
                 266           -2.1999969
                 267           -2.1999969
                 268           -2.1999969
                 269           -2.1999969
                 270           -2.1999969
                 271           -2.1999969
                 272           -2.1999969
                 273           -2.1999969
                 274           -2.1999969
                 275           -2.1999969
                 276           -2.1999969
                 277           -2.1999969
                 278           -2.1999969
                 279           -2.1999969
                 280           -2.1999969
                 281           -2.1999969
                 282           -2.1999969
                 283           -2.1999969
                 284           -2.1999969
                 285           -2.1999969
                 286           -2.1999969
                 287           -2.1999969
                 288           -2.1999969
                 289           -2.1999969
                 290           -2.1999969
                 291           -2.1999969
                 292           -2.1999969
                 293           -2.1999969
                 294           -2.1999969
                 295           -2.1999969
                 296           -2.1999969
                 297           -2.1999969
                 298           -2.1999969
                 299           -2.1999969
                 300           -2.1999969
                 301           -2.1999969
                 302           -2.1999969
                 303           -2.1999969
                 304           -2.1999969
                 305           -2.1999969
                 306           -2.1999969
                 307           -2.1999969
                 308           -2.1999969
                 309           -2.1999969
                 310           -2.1999969
                 311           -2.1999969
                 312           -2.1999969
                 313           -2.1999969
                 314           -2.1999969
                 315           -2.1999969
                 316           -2.1999969
                 317           -2.1999969
                 318           -2.1999969
                 319           -2.1999969
                 320           -2.1999969
                 321           -2.1999969
                 322           -2.1999969
                 323           -2.1999969
                 324           -2.1999969
                 325           -2.1999969
                 326           -2.1999969
                 327           -2.1999969
                 328           -2.1999969
                 329           -2.1999969
                 330           -2.1999969
                 331           -2.1999969
                 332           -2.1999969
                 333           -2.1999969
                 334           -2.1999969
                 335           -2.1999969
                 336           -2.1999969
                 337           -2.1999969
                 338           -2.1999969
                 339           -2.1999969
                 340           -2.1999969
                 341           -2.1999969
                 342           -2.1999969
                 343           -2.1999969
                 344           -2.1999969
                 345           -2.1999969
                 346           -2.1999969
                 347           -2.1999969
                 348           -2.1999969
                 349           -2.1999969
                 350           -2.1999969
                 351           -2.1999969
                 352           -2.1999969
                 353           -2.1999969
                 354           -2.1999969
                 355           -2.1999969
                 356           -2.1999969
                 357           -2.1999969
                 358           -2.1999969
                 359           -2.1999969
                 360           -2.1999969
                 361           -2.1999969
                 362           -2.1999969
                 363           -2.1999969
                 364           -2.1999969
                 365           -2.1999969
                 366           -2.1999969
                 367           -2.1999969
                 368           -2.1999969
                 369           -2.1999969
                 370           -2.1999969
                 371           -2.1999969
                 372           -2.1999969
                 373           -2.1999969
                 374           -2.1999969
                 375           -2.1999969
                 376           -2.1999969
                 377           -2.1999969
                 378           -2.1999969
                 379           -2.1999969
                 380           -2.1999969
                 381           -2.1999969
                 382           -2.1999969
                 383           -2.1999969
                 384           -2.1999969
                 385           -2.1999969
                 386           -2.1999969
                 387           -2.1999969
                 388           -2.1999969
                 389           -2.1999969
                 390           -2.1999969
                 391           -2.1999969
                 392           -2.1999969
                 393           -2.1999969
                 394           -2.1999969
                 395           -2.1999969
                 396           -2.1999969
                 397           -2.1999969
                 398           -2.1999969
                 399           -2.1999969
                 400           -2.1999969
                 401           -2.1999969
                 402           -2.1999969
                 403           -2.1999969
                 404           -2.1999969
                 405           -2.1999969
                 406           -2.1999969
                 407           -2.1999969
                 408           -2.1999969
                 409           -2.1999969
                 410           -2.1999969
                 411           -2.1999969
                 412           -2.1999969
                 413           -2.1999969
                 414           -2.1999969
                 415           -2.1999969
                 416           -2.1999969
                 417           -2.1999969
                 418           -2.1999969
                 419           -2.1999969
                 420           -2.1999969
                 421           -2.1999969
                 422           -2.1999969
                 423           -2.1999969
                 424           -2.1999969
                 425           -2.1999969
                 426           -2.1999969
                 427           -2.1999969
                 428           -2.1999969
                 429           -2.1999969
                 430           -2.1999969
                 431           -2.1999969
                 432           -2.1999969
                 433           -2.1999969
                 434           -2.1999969
                 435           -2.1999969
                 436           -2.1999969
                 437           -2.1999969
                 438           -2.1999969
                 439           -2.1999969
                 440           -2.1999969
                 441           -2.1999969
                 442           -2.1999969
                 443           -2.1999969
                 444           -2.1999969
                 445           -2.1999969
                 446           -2.1999969
                 447           -2.1999969
                 448           -2.1999969
                 449           -2.1999969
                 450           -2.1999969
                 451           -2.1999969
                 452           -2.1999969
                 453           -2.1999969
                 454           -2.1999969
                 455           -2.1999969
                 456           -2.1999969
                 457           -2.1999969
                 458           -2.1999969
                 459           -2.1999969
                 460           -2.1999969
                 461           -2.1999969
                 462           -2.1999969
                 463           -2.1999969
                 464           -2.1999969
                 465           -2.1999969
                 466           -2.1999969
                 467           -2.1999969
                 468           -2.1999969
                 469           -2.1999969
                 470           -2.1999969
                 471           -2.1999969
                 472           -2.1999969
                 473           -2.1999969
                 474           -2.1999969
                 475           -2.1999969
                 476           -2.1999969
                 477           -2.1999969
                 478           -2.1999969
                 479           -2.1999969
                 480           -2.1999969
                 481           -2.1999969
                 482           -2.1999969
                 483           -2.1999969
                 484           -2.1999969
                 485           -2.1999969
                 486           -2.1999969
                 487           -2.1999969
                 488           -2.1999969
                 489           -2.1999969
                 490           -2.1999969
                 491           -2.1999969
                 492           -2.1999969
                 493           -2.1999969
                 494           -2.1999969
                 495           -2.1999969
                 496           -2.1999969
                 497           -2.1999969
                 498           -2.1999969
                 499           -2.1999969
                 500           -2.1999969
                 501           -2.1999969
                 502           -2.1999969
                 503           -2.1999969
                 504           -2.1999969
                 505           -2.1999969
                 506           -2.1999969
                 507           -2.1999969
                 508           -2.1999969
                 509           -2.1999969
                 510           -2.1999969
                 511           -2.1999969
                 512           -2.1999969
                 513           -2.1999969
                 514           -2.1999969
                 515           -2.1999969
                 516           -2.1999969
                 517           -2.1999969
                 518           -2.1999969
                 519           -2.1999969
                 520           -2.1999969
                 521           -2.1999969
                 522           -2.1999969
                 523           -2.1999969
                 524           -2.1999969
                 525           -2.1999969
                 526           -2.1999969
                 527           -2.1999969
                 528           -2.1999969
                 529           -2.1999969
                 530           -2.1999969
                 531           -2.1999969
                 532           -2.1999969
                 533           -2.1999969
                 534           -2.1999969
                 535           -2.1999969
                 536           -2.1999969
                 537           -2.1999969
                 538           -2.1999969
                 539           -2.1999969
                 540           -2.1999969
                 541           -2.1999969
                 542           -2.1999969
                 543           -2.1999969
                 544           -2.1999969
                 545           -2.1999969
                 546           -2.1999969
                 547           -2.1999969
                 548           -2.1999969
                 549           -2.1999969
                 550           -2.1999969
                 551           -2.1999969
                 552           -2.1999969
                 553           -2.1999969
                 554           -2.1999969
                 555           -2.1999969
                 556           -2.1999969
                 557           -2.1999969
                 558           -2.1999969
                 559           -2.1999969
                 560           -2.1999969
                 561           -2.1999969
                 562           -2.1999969
                 563           -2.1999969
                 564           -2.1999969
                 565           -2.1999969
                 566           -2.1999969
                 567           -2.1999969
                 568           -2.1999969
                 569           -2.1999969
                 570           -2.1999969
                 571           -2.1999969
                 572           -2.1999969
                 573           -2.1999969
                 574           -2.1999969
                 575           -2.1999969
                 576           -2.1999969
                 577           -2.1999969
                 578           -2.1999969
                 579           -2.1999969
                 580           -2.1999969
                 581           -2.1999969
                 582           -2.1999969
                 583           -2.1999969
                 584           -2.1999969
                 585           -2.1999969
                 586           -2.1999969
                 587           -2.1999969
                 588           -2.1999969
                 589           -2.1999969
                 590           -2.1999969
                 591           -2.1999969
                 592           -2.1999969
                 593           -2.1999969
                 594           -2.1999969
                 595           -2.1999969
                 596           -2.1999969
                 597           -2.1999969
                 598           -2.1999969
                 599           -2.1999969
                 600           -2.1999969
                 601           -2.1999969
                 602           -2.1999969
                 603           -2.1999969
                 604           -2.1999969
                 605           -2.1999969
                 606           -2.1999969
                 607           -2.1999969
                 608           -2.1999969
                 609           -2.1999969
                 610           -2.1999969
                 611           -2.1999969
                 612           -2.1999969
                 613           -2.1999969
                 614           -2.1999969
                 615           -2.1999969
                 616           -2.1999969
                 617           -2.1999969
                 618           -2.1999969
                 619           -2.1999969
                 620           -2.1999969
                 621           -2.1999969
                 622           -2.1999969
                 623           -2.1999969
                 624           -2.1999969
                 625           -2.1999969
                 626           -2.1999969
                 627           -2.1999969
                 628           -2.1999969
                 629           -2.1999969
                 630           -2.1999969
                 631           -2.1999969
                 632           -2.1999969
                 633           -2.1999969
                 634           -2.1999969
                 635           -2.1999969
                 636           -2.1999969
                 637           -2.1999969
                 638           -2.1999969
                 639           -2.1999969
                 640           -2.1999969
                 641           -2.1999969
                 642           -2.1999969
                 643           -2.1999969
                 644           -2.1999969
                 645           -2.1999969
                 646           -2.1999969
                 647           -2.1999969
                 648           -2.1999969
                 649           -2.1999969
                 650           -2.1999969
                 651           -2.1999969
                 652           -2.1999969
                 653           -2.1999969
                 654           -2.1999969
                 655           -2.1999969
                 656           -2.1999969
                 657           -2.1999969
                 658           -2.1999969
                 659           -2.1999969
                 660           -2.1999969
                 661           -2.1999969
                 662           -2.1999969
                 663           -2.1999969
                 664           -2.1999969
                 665           -2.1999969
                 666           -2.1999969
                 667           -2.1999969
                 668           -2.1999969
                 669           -2.1999969
                 670           -2.1999969
                 671           -2.1999969
                 672           -2.1999969
                 673           -2.1999969
                 674           -2.1999969
                 675           -2.1999969
                 676           -2.1999969
                 677           -2.1999969
                 678           -2.1999969
                 679           -2.1999969
                 680           -2.1999969
                 681           -2.1999969
                 682           -2.1999969
                 683           -2.1999969
                 684           -2.1999969
                 685           -2.1999969
                 686           -2.1999969
                 687           -2.1999969
                 688           -2.1999969
                 689           -2.1999969
                 690           -2.1999969
                 691           -2.1999969
                 692           -2.1999969
                 693           -2.1999969
                 694           -2.1999969
                 695           -2.1999969
                 696           -2.1999969
                 697           -2.1999969
                 698           -2.1999969
                 699           -2.1999969
                 700           -2.1999969
                 701           -2.1999969
                 702           -2.1999969
                 703           -2.1999969
                 704           -2.1999969
                 705           -2.1999969
                 706           -2.1999969
                 707           -2.1999969
                 708           -2.1999969
                 709           -2.1999969
                 710           -2.1999969
                 711           -2.1999969
                 712           -2.1999969
                 713           -2.1999969
                 714           -2.1999969
                 715           -2.1999969
                 716           -2.1999969
                 717           -2.1999969
                 718           -2.1999969
                 719           -2.1999969
                 720           -2.1999969
                 721           -2.1999969
                 722           -2.1999969
                 723           -2.1999969
                 724           -2.1999969
                 725           -2.1999969
                 726           -2.1999969
                 727           -2.1999969
                 728           -2.1999969
                 729           -2.1999969
                 730           -2.1999969
                 731           -2.1999969
                 732           -2.1999969
                 733           -2.1999969
                 734           -2.1999969
                 735           -2.1999969
                 736           -2.1999969
                 737           -2.1999969
                 738           -2.1999969
                 739           -2.1999969
                 740           -2.1999969
                 741           -2.1999969
                 742           -2.1999969
                 743           -2.1999969
                 744           -2.1999969
                 745           -2.1999969
                 746           -2.1999969
                 747           -2.1999969
                 748           -2.1999969
                 749           -2.1999969
                 750           -2.1999969
                 751           -2.1999969
                 752           -2.1999969
                 753           -2.1999969
                 754           -2.1999969
                 755           -2.1999969
                 756           -2.1999969
                 757           -2.1999969
                 758           -2.1999969
                 759           -2.1999969
                 760           -2.1999969
                 761           -2.1999969
                 762           -2.1999969
                 763           -2.1999969
                 764           -2.1999969
                 765           -2.1999969
                 766           -2.1999969
                 767           -2.1999969
                 768           -2.1999969
                 769           -2.1999969
                 770           -2.1999969
                 771           -2.1999969
                 772           -2.1999969
                 773           -2.1999969
                 774           -2.1999969
                 775           -2.1999969
                 776           -2.1999969
                 777           -2.1999969
                 778           -2.1999969
                 779           -2.1999969
                 780           -2.1999969
                 781           -2.1999969
                 782           -2.1999969
                 783           -2.1999969
                 784           -2.1999969
                 785           -2.1999969
                 786           -2.1999969
                 787           -2.1999969
                 788           -2.1999969
                 789           -2.1999969
                 790           -2.1999969
                 791           -2.1999969
                 792           -2.1999969
                 793           -2.1999969
                 794           -2.1999969
                 795           -2.1999969
                 796           -2.1999969
                 797           -2.1999969
                 798           -2.1999969
                 799           -2.1999969
                 800           -2.1999969
                 801           -2.1999969
                 802           -2.1999969
                 803           -2.1999969
                 804           -2.1999969
                 805           -2.1999969
                 806           -2.1999969
                 807           -2.1999969
                 808           -2.1999969
                 809           -2.1999969
                 810           -2.1999969
                 811           -2.1999969
                 812           -2.1999969
                 813           -2.1999969
                 814           -2.1999969
                 815           -2.1999969
                 816           -2.1999969
                 817           -2.1999969
                 818           -2.1999969
                 819           -2.1999969
                 820           -2.1999969
                 821           -2.1999969
                 822           -2.1999969
                 823           -2.1999969
                 824           -2.1999969
                 825           -2.1999969
                 826           -2.1999969
                 827           -2.1999969
                 828           -2.1999969
                 829           -2.1999969
                 830           -2.1999969
                 831           -2.1999969
                 832           -2.1999969
                 833           -2.1999969
                 834           -2.1999969
                 835           -2.1999969
                 836           -2.1999969
                 837           -2.1999969
                 838           -2.1999969
                 839           -2.1999969
                 840           -2.1999969
                 841           -2.1999969
                 842           -2.1999969
                 843           -2.1999969
                 844           -2.1999969
                 845           -2.1999969
                 846           -2.1999969
                 847           -2.1999969
                 848           -2.1999969
                 849           -2.1999969
                 850           -2.1999969
                 851           -2.1999969
                 852           -2.1999969
                 853           -2.1999969
                 854           -2.1999969
                 855           -2.1999969
                 856           -2.1999969
                 857           -2.1999969
                 858           -2.1999969
                 859           -2.1999969
                 860           -2.1999969
                 861           -2.1999969
                 862           -2.1999969
                 863           -2.1999969
                 864           -2.1999969
                 865           -2.1999969
                 866           -2.1999969
                 867           -2.1999969
                 868           -2.1999969
                 869           -2.1999969
                 870           -2.1999969
                 871           -2.1999969
                 872           -2.1999969
                 873           -2.1999969
                 874           -2.1999969
                 875           -2.1999969
                 876           -2.1999969
                 877           -2.1999969
                 878           -2.1999969
                 879           -2.1999969
                 880           -2.1999969
                 881           -2.1999969
                 882           -2.1999969
                 883           -2.1999969
                 884           -2.1999969
                 885           -2.1999969
                 886           -2.1999969
                 887           -2.1999969
                 888           -2.1999969
                 889           -2.1999969
                 890           -2.1999969
                 891           -2.1999969
                 892           -2.1999969
                 893           -2.1999969
                 894           -2.1999969
                 895           -2.1999969
                 896           -2.1999969
                 897           -2.1999969
                 898           -2.1999969
                 899           -2.1999969
                 900           -2.1999969
                 901           -2.1999969
                 902           -2.1999969
                 903           -2.1999969
                 904           -2.1999969
                 905           -2.1999969
                 906           -2.1999969
                 907           -2.1999969
                 908           -2.1999969
                 909           -2.1999969
                 910           -2.1999969
                 911           -2.1999969
                 912           -2.1999969
                 913           -2.1999969
                 914           -2.1999969
                 915           -2.1999969
                 916           -2.1999969
                 917           -2.1999969
                 918           -2.1999969
                 919           -2.1999969
                 920           -2.1999969
                 921           -2.1999969
                 922           -2.1999969
                 923           -2.1999969
                 924           -2.1999969
                 925           -2.1999969
                 926           -2.1999969
                 927           -2.1999969
                 928           -2.1999969
                 929           -2.1999969
                 930           -2.1999969
                 931           -2.1999969
                 932           -2.1999969
                 933           -2.1999969
                 934           -2.1999969
                 935           -2.1999969
                 936           -2.1999969
                 937           -2.1999969
                 938           -2.1999969
                 939           -2.1999969
                 940           -2.1999969
                 941           -2.1999969
                 942           -2.1999969
                 943           -2.1999969
                 944           -2.1999969
                 945           -2.1999969
                 946           -2.1999969
                 947           -2.1999969
                 948           -2.1999969
                 949           -2.1999969
                 950           -2.1999969
                 951           -2.1999969
                 952           -2.1999969
                 953           -2.1999969
                 954           -2.1999969
                 955           -2.1999969
                 956           -2.1999969
                 957           -2.1999969
                 958           -2.1999969
                 959           -2.1999969
                 960           -2.1999969
                 961           -2.1999969
                 962           -2.1999969
                 963           -2.1999969
                 964           -2.1999969
                 965           -2.1999969
                 966           -2.1999969
                 967           -2.1999969
                 968           -2.1999969
                 969           -2.1999969
                 970           -2.1999969
                 971           -2.1999969
                 972           -2.1999969
                 973           -2.1999969
                 974           -2.1999969
                 975           -2.1999969
                 976           -2.1999969
                 977           -2.1999969
                 978           -2.1999969
                 979           -2.1999969
                 980           -2.1999969
                 981           -2.1999969
                 982           -2.1999969
                 983           -2.1999969
                 984           -2.1999969
                 985           -2.1999969
                 986           -2.1999969
                 987           -2.1999969
                 988           -2.1999969
                 989           -2.1999969
                 990           -2.1999969
                 991           -2.1999969
                 992           -2.1999969
                 993           -2.1999969
                 994           -2.1999969
                 995           -2.1999969
                 996           -2.1999969
                 997           -2.1999969
                 998           -2.1999969
                 999           -2.1999969
                1000           -2.1999969
