                   1          -0.56000006
                   2           0.11999998
                   3           0.63999999
                   4           0.56000006
                   5           0.24000001
                   6                  0.2
                   7         -0.079999983
                   8          -0.24000001
                   9           0.11999998
                  10          -0.48000011
                  11                 0.16
                  12                -0.16
                  13          -0.60000002
                  14          -0.28000003
                  15                 0.16
                  16          -0.32000002
                  17          -0.28000003
                  18          -0.24000001
                  19          -0.60000002
                  20          -0.11999998
                  21          -0.56000006
                  22          -0.67999995
                  23           0.28000003
                  24                -0.16
                  25                -0.16
                  26          -0.63999999
                  27           -0.5200001
                  28          -0.60000002
                  29          -0.28000003
                  30          -0.24000001
                  31          -0.11999998
                  32          -0.75999987
                  33          -0.24000001
                  34          -0.60000002
                  35                  0.2
                  36                -0.16
                  37         -0.079999983
                  38          -0.28000003
                  39          -0.75999987
                  40           0.28000003
                  41         -0.079999983
                  42          -0.28000003
                  43          -0.75999987
                  44          -0.32000002
                  45          -0.32000002
                  46          -0.32000002
                  47          -0.60000002
                  48          -0.75999987
                  49          -0.71999991
                  50          -0.24000001
                  51           0.28000003
                  52          -0.28000003
                  53                  0.2
                  54          -0.56000006
                  55          -0.60000002
                  56                 -0.2
                  57                 -0.2
                  58           -1.1999998
                  59           -0.5200001
                  60                  0.2
                  61                 0.16
                  62                -0.16
                  63                 0.16
                  64           0.28000003
                  65                 0.16
                  66          -0.24000001
                  67           -1.1999998
                  68                 -0.2
                  69          -0.11999998
                  70          -0.63999999
                  71          -0.48000011
                  72          -0.11999998
                  73          -0.44000015
                  74         -0.079999983
                  75          -0.28000003
                  76          -0.32000002
                  77          -0.11999998
                  78          -0.71999991
                  79                  0.2
                  80                 0.16
                  81                -0.16
                  82                 0.16
                  83          -0.28000003
                  84          -0.32000002
                  85           0.11999998
                  86                  0.2
                  87          -0.24000001
                  88           0.11999998
                  89          -0.28000003
                  90                  0.2
                  91         -0.079999983
                  92                 0.16
                  93          -0.56000006
                  94           0.24000001
                  95                 -0.2
                  96          -0.11999998
                  97          -0.11999998
                  98           0.28000003
                  99           0.11999998
                 100          -0.11999998
                 101          -0.80000019
                 102          -0.28000003
                 103          -0.63999999
                 104          -0.56000006
                 105          -0.28000003
                 106          -0.67999995
                 107          -0.28000003
                 108           0.56000006
                 109          -0.32000002
                 110          -0.24000001
                 111                  0.2
                 112          -0.24000001
                 113          -0.32000002
                 114          -0.60000002
                 115          -0.24000001
                 116                 0.16
                 117          -0.28000003
                 118                 -0.2
                 119           0.24000001
                 120          -0.28000003
                 121          -0.48000011
                 122           0.11999998
                 123                  0.2
                 124          -0.11999998
                 125           0.28000003
                 126          -0.56000006
                 127          -0.28000003
                 128           0.11999998
                 129                 0.16
                 130                 0.16
                 131          -0.24000001
                 132                  0.2
                 133          -0.28000003
                 134          -0.32000002
                 135          -0.75999987
                 136          -0.11999998
                 137                 0.16
                 138                -0.16
                 139          -0.32000002
                 140                 -0.2
                 141                 -0.2
                 142                  0.2
                 143                 0.16
                 144          -0.56000006
                 145                 -0.2
                 146          -0.24000001
                 147           0.60000002
                 148                 0.16
                 149          -0.60000002
                 150          -0.44000015
                 151                 -0.2
                 152          -0.32000002
                 153           0.63999999
                 154                  0.2
                 155                 -0.2
                 156           0.11999998
                 157          -0.56000006
                 158         -0.079999983
                 159          -0.24000001
                 160                 0.16
                 161         -0.079999983
                 162          -0.11999998
                 163                  0.2
                 164          -0.11999998
                 165          -0.24000001
                 166                -0.16
                 167         -0.079999983
                 168          -0.28000003
                 169           0.28000003
                 170                  0.2
                 171           0.56000006
                 172          -0.71999991
                 173                 0.16
                 174                 -0.2
                 175          -0.24000001
                 176          -0.24000001
                 177          -0.24000001
                 178          -0.24000001
                 179           0.28000003
                 180                -0.16
                 181                 -0.2
                 182          -0.11999998
                 183           0.24000001
                 184           0.28000003
                 185                 -0.2
                 186          -0.32000002
                 187                 0.16
                 188           0.24000001
                 189          -0.28000003
                 190                 -0.2
                 191          -0.60000002
                 192          -0.24000001
                 193                -0.16
                 194           -0.5200001
                 195           0.11999998
                 196          -0.28000003
                 197                 0.16
                 198          -0.24000001
                 199           0.63999999
                 200          -0.28000003
                 201          -0.24000001
                 202          -0.28000003
                 203          -0.32000002
                 204                 -0.2
                 205           0.28000003
                 206                  0.2
                 207           0.24000001
                 208           0.24000001
                 209          -0.11999998
                 210          -0.28000003
                 211           -0.5200001
                 212          -0.28000003
                 213                -0.16
                 214          -0.11999998
                 215           0.24000001
                 216          -0.11999998
                 217          -0.63999999
                 218                 -0.2
                 219          -0.28000003
                 220          -0.71999991
                 221                 0.16
                 222          -0.32000002
                 223                 -0.2
                 224                 -0.2
                 225                 0.16
                 226                  0.2
                 227         -0.079999983
                 228                 0.16
                 229                  0.2
                 230          -0.32000002
                 231          -0.24000001
                 232          -0.71999991
                 233                 -0.2
                 234          -0.24000001
                 235          -0.24000001
                 236          -0.24000001
                 237          -0.44000015
                 238          -0.11999998
                 239           0.28000003
                 240                  0.2
                 241                 0.16
                 242                  0.2
                 243           0.60000002
                 244           0.28000003
                 245          -0.11999998
                 246                 0.16
                 247                 0.16
                 248           0.11999998
                 249          -0.60000002
                 250          -0.24000001
                 251          -0.11999998
                 252                  0.2
                 253          -0.63999999
                 254                 -0.2
                 255          -0.11999998
                 256                  0.2
                 257                  0.2
                 258          -0.71999991
                 259           0.24000001
                 260                -0.16
                 261          -0.48000011
                 262          -0.67999995
                 263                  0.2
                 264          -0.11999998
                 265           0.11999998
                 266                  0.2
                 267                 0.16
                 268                -0.16
                 269          -0.28000003
                 270                 -0.2
                 271          -0.11999998
                 272          -0.24000001
                 273           0.24000001
                 274                 -0.2
                 275          -0.75999987
                 276                  0.2
                 277          -0.67999995
                 278                 0.16
                 279           0.11999998
                 280          -0.63999999
                 281          -0.11999998
                 282          -0.11999998
                 283                -0.16
                 284          -0.24000001
                 285          -0.56000006
                 286          -0.24000001
                 287          -0.11999998
                 288          -0.11999998
                 289          -0.24000001
                 290           0.11999998
                 291          -0.67999995
                 292           0.28000003
                 293          -0.28000003
                 294                 -0.2
                 295          -0.75999987
                 296                  0.2
                 297                 -0.2
                 298          -0.24000001
                 299          -0.11999998
                 300                  0.2
                 301          -0.11999998
                 302                -0.16
                 303           0.24000001
                 304          -0.32000002
                 305          -0.28000003
                 306           0.24000001
                 307          -0.44000015
                 308          -0.60000002
                 309          -0.71999991
                 310                -0.16
                 311           0.24000001
                 312          -0.60000002
                 313          -0.28000003
                 314                 0.16
                 315          -0.32000002
                 316           0.11999998
                 317           0.11999998
                 318           0.60000002
                 319          -0.24000001
                 320          -0.24000001
                 321           0.28000003
                 322           0.24000001
                 323          -0.32000002
                 324          -0.28000003
                 325                  0.2
                 326                -0.16
                 327          -0.32000002
                 328                -0.16
                 329          -0.24000001
                 330           0.28000003
                 331                 -0.2
                 332           0.28000003
                 333                -0.16
                 334          -0.28000003
                 335          -0.67999995
                 336          -0.56000006
                 337                 -0.2
                 338          -0.48000011
                 339                -0.16
                 340                 -0.2
                 341          -0.24000001
                 342           0.24000001
                 343                 0.16
                 344                 0.16
                 345                 -0.2
                 346                 0.16
                 347          -0.63999999
                 348          -0.24000001
                 349           -0.5200001
                 350          -0.56000006
                 351                -0.16
                 352          -0.32000002
                 353          -0.24000001
                 354          -0.44000015
                 355          -0.32000002
                 356                  0.2
                 357          -0.24000001
                 358           0.24000001
                 359          -0.24000001
                 360          -0.11999998
                 361                 -0.2
                 362         -0.079999983
                 363          -0.32000002
                 364          -0.32000002
                 365          -0.48000011
                 366                 -0.2
                 367                 -0.2
                 368          -0.48000011
                 369          -0.28000003
                 370                -0.16
                 371           0.28000003
                 372           0.24000001
                 373                 -0.2
                 374                  0.2
                 375          -0.60000002
                 376                 -0.2
                 377           0.28000003
                 378                -0.16
                 379                 -0.2
                 380          -0.32000002
                 381          -0.28000003
                 382                 -0.2
                 383           0.11999998
                 384           0.24000001
                 385          -0.60000002
                 386                 0.16
                 387                 0.16
                 388          -0.44000015
                 389                  0.2
                 390          -0.24000001
                 391          -0.11999998
                 392           0.24000001
                 393                 0.16
                 394                 -0.2
                 395          -0.32000002
                 396                 -0.2
                 397          -0.24000001
                 398          -0.80000019
                 399          -0.63999999
                 400                -0.16
                 401                 0.16
                 402         -0.079999983
                 403                  0.2
                 404                 0.16
                 405          -0.63999999
                 406           0.11999998
                 407           -0.5200001
                 408                 0.16
                 409          -0.24000001
                 410                 -0.2
                 411          -0.24000001
                 412                -0.16
                 413           0.24000001
                 414          -0.24000001
                 415          -0.28000003
                 416          -0.28000003
                 417          -0.11999998
                 418          -0.63999999
                 419                  0.2
                 420          -0.32000002
                 421                 0.16
                 422                 -0.2
                 423           0.24000001
                 424           0.24000001
                 425          -0.56000006
                 426          -0.48000011
                 427                  0.2
                 428          -0.32000002
                 429           0.24000001
                 430           0.24000001
                 431                 -0.2
                 432          -0.11999998
                 433          -0.28000003
                 434           0.56000006
                 435           0.60000002
                 436          -0.28000003
                 437          -0.11999998
                 438          -0.11999998
                 439           0.24000001
                 440                -0.16
                 441                 0.16
                 442                 0.16
                 443          -0.24000001
                 444                 -0.2
                 445         -0.079999983
                 446                 0.16
                 447          -0.28000003
                 448                 -0.2
                 449          -0.75999987
                 450                 -0.2
                 451                 -0.2
                 452                  0.2
                 453           0.24000001
                 454          -0.48000011
                 455          -0.24000001
                 456          -0.32000002
                 457          -0.71999991
                 458          -0.32000002
                 459                 0.16
                 460          -0.28000003
                 461                  0.2
                 462          -0.63999999
                 463                  0.2
                 464          -0.28000003
                 465                 -0.2
                 466           0.60000002
                 467                  0.2
                 468                 -0.2
                 469           -0.5200001
                 470          -0.32000002
                 471          -0.71999991
                 472           0.24000001
                 473          -0.28000003
                 474                  0.2
                 475          -0.75999987
                 476          -0.71999991
                 477          -0.32000002
                 478                -0.16
                 479          -0.11999998
                 480           0.28000003
                 481                -0.16
                 482                 -0.2
                 483           0.24000001
                 484           0.11999998
                 485                 0.16
                 486          -0.32000002
                 487                 0.16
                 488          -0.24000001
                 489           0.24000001
                 490          -0.11999998
                 491          -0.63999999
                 492                -0.16
                 493                -0.16
                 494           0.24000001
                 495          -0.11999998
                 496          -0.11999998
                 497           0.60000002
                 498           0.28000003
                 499          -0.28000003
                 500          -0.24000001
                 501          -0.71999991
                 502          -0.24000001
                 503          -0.60000002
                 504           0.11999998
                 505           0.24000001
                 506         -0.079999983
                 507          -0.24000001
                 508          -0.24000001
                 509                -0.16
                 510                 -0.2
                 511          -0.48000011
                 512          -0.56000006
                 513                -0.16
                 514                 0.16
                 515                  0.2
                 516                  0.2
                 517           0.11999998
                 518                  0.2
                 519                  0.2
                 520                -0.16
                 521                -0.16
                 522          -0.24000001
                 523          -0.44000015
                 524          -0.11999998
                 525           0.24000001
                 526                 0.16
                 527                 -0.2
                 528          -0.24000001
                 529          -0.24000001
                 530           0.11999998
                 531          -0.32000002
                 532          -0.28000003
                 533          -0.71999991
                 534         -0.079999983
                 535          -0.11999998
                 536          -0.24000001
                 537          -0.28000003
                 538          -0.28000003
                 539          -0.63999999
                 540                -0.16
                 541          -0.75999987
                 542           0.24000001
                 543                  0.2
                 544           0.28000003
                 545           0.24000001
                 546                 0.16
                 547                -0.16
                 548           0.63999999
                 549                 0.16
                 550                 -0.2
                 551          -0.32000002
                 552          -0.75999987
                 553          -0.32000002
                 554           0.24000001
                 555          -0.11999998
                 556                  0.2
                 557                -0.16
                 558                -0.16
                 559         -0.079999983
                 560           0.11999998
                 561                -0.16
                 562          -0.11999998
                 563                 0.16
                 564           0.24000001
                 565          -0.11999998
                 566          -0.24000001
                 567          -0.28000003
                 568           0.11999998
                 569          -0.24000001
                 570          -0.24000001
                 571           0.24000001
                 572                  0.2
                 573           0.24000001
                 574          -0.63999999
                 575          -0.60000002
                 576           0.24000001
                 577                 -0.2
                 578           0.24000001
                 579         -0.079999983
                 580                -0.16
                 581          -0.28000003
                 582          -0.11999998
                 583          -0.11999998
                 584                -0.16
                 585          -0.75999987
                 586          -0.75999987
                 587           0.28000003
                 588           0.28000003
                 589          -0.24000001
                 590                -0.16
                 591                 -0.2
                 592          -0.11999998
                 593                 -0.2
                 594          -0.11999998
                 595          -0.60000002
                 596                  0.2
                 597          -0.75999987
                 598                 -0.2
                 599           0.28000003
                 600          -0.28000003
                 601                 0.16
                 602          -0.24000001
                 603           0.28000003
                 604                  0.2
                 605          -0.28000003
                 606         -0.079999983
                 607           0.24000001
                 608                -0.16
                 609         -0.079999983
                 610                 0.16
                 611                 -0.2
                 612          -0.24000001
                 613                 0.16
                 614          -0.28000003
                 615                  0.2
                 616          -0.24000001
                 617          -0.24000001
                 618           0.11999998
                 619           0.60000002
                 620                 -0.2
                 621                 0.16
                 622                 0.16
                 623           0.28000003
                 624          -0.44000015
                 625                -0.16
                 626           0.24000001
                 627          -0.63999999
                 628          -0.28000003
                 629         -0.079999983
                 630          -0.56000006
                 631                -0.16
                 632          -0.24000001
                 633                  0.2
                 634          -0.28000003
                 635          -0.32000002
                 636          -0.24000001
                 637                 -0.2
                 638           0.11999998
                 639          -0.32000002
                 640          -0.24000001
                 641         -0.079999983
                 642                 0.16
                 643                 -0.2
                 644           0.11999998
                 645                  0.2
                 646           0.24000001
                 647          -0.44000015
                 648         -0.079999983
                 649          -0.28000003
                 650                -0.16
                 651                 -0.2
                 652                -0.16
                 653           0.11999998
                 654                  0.2
                 655           -1.1999998
                 656          -0.28000003
                 657                  0.2
                 658                -0.16
                 659          -0.28000003
                 660           0.60000002
                 661          -0.24000001
                 662         -0.079999983
                 663          -0.71999991
                 664          -0.28000003
                 665                 0.16
                 666                 -0.2
                 667                 -0.2
                 668                -0.16
                 669          -0.63999999
                 670                  0.2
                 671           0.63999999
                 672                -0.16
                 673                  0.2
                 674                 -0.2
                 675                  0.2
                 676          -0.28000003
                 677                 -0.2
                 678                 -0.2
                 679          -0.24000001
                 680          -0.44000015
                 681           0.24000001
                 682          -0.71999991
                 683           0.56000006
                 684                 -0.2
                 685           0.11999998
                 686           0.24000001
                 687                 0.16
                 688                 0.16
                 689                 0.16
                 690           0.60000002
                 691          -0.48000011
                 692                 -0.2
                 693         -0.079999983
                 694           0.24000001
                 695          -0.28000003
                 696           0.11999998
                 697           0.56000006
                 698          -0.71999991
                 699          -0.28000003
                 700          -0.75999987
                 701           0.24000001
                 702           0.24000001
                 703          -0.24000001
                 704           0.28000003
                 705          -0.11999998
                 706          -0.11999998
                 707           0.63999999
                 708                 -0.2
                 709           0.28000003
                 710                 -0.2
                 711                 0.16
                 712         -0.079999983
                 713                  0.2
                 714                  0.2
                 715          -0.32000002
                 716          -0.32000002
                 717                 -0.2
                 718                 -0.2
                 719           0.11999998
                 720          -0.28000003
                 721                 0.16
                 722          -0.56000006
                 723          -0.75999987
                 724           0.28000003
                 725          -0.11999998
                 726          -0.63999999
                 727                 0.16
                 728          -0.60000002
                 729                 -0.2
                 730                  0.2
                 731           0.28000003
                 732          -0.28000003
                 733                  0.2
                 734                 -0.2
                 735           0.11999998
                 736          -0.24000001
                 737          -0.24000001
                 738           0.60000002
                 739                 -0.2
                 740           0.11999998
                 741           0.11999998
                 742          -0.11999998
                 743           0.24000001
                 744                 0.16
                 745                -0.16
                 746          -0.44000015
                 747                  0.2
                 748           0.11999998
                 749          -0.28000003
                 750           0.24000001
                 751          -0.24000001
                 752                 0.16
                 753                 -0.2
                 754           0.60000002
                 755          -0.24000001
                 756          -0.56000006
                 757                -0.16
                 758          -0.28000003
                 759          -0.28000003
                 760          -0.63999999
                 761          -0.28000003
                 762          -0.32000002
                 763           0.24000001
                 764          -0.28000003
                 765          -0.24000001
                 766           0.28000003
                 767                 0.16
                 768                 -0.2
                 769          -0.24000001
                 770          -0.11999998
                 771          -0.48000011
                 772           0.28000003
                 773           0.11999998
                 774                  0.2
                 775          -0.44000015
                 776          -0.11999998
                 777           0.24000001
                 778          -0.63999999
                 779         -0.079999983
                 780                 -0.2
                 781                  0.2
                 782          -0.32000002
                 783           0.11999998
                 784          -0.32000002
                 785          -0.75999987
                 786                 0.16
                 787           0.11999998
                 788          -0.24000001
                 789          -0.24000001
                 790                 -0.2
                 791          -0.28000003
                 792           0.24000001
                 793                 -0.2
                 794           0.28000003
                 795          -0.60000002
                 796          -0.24000001
                 797                -0.16
                 798                 0.16
                 799                 -0.2
                 800                 0.16
                 801                 -0.2
                 802          -0.11999998
                 803           0.60000002
                 804          -0.24000001
                 805          -0.11999998
                 806          -0.11999998
                 807                 -0.2
                 808           0.24000001
                 809                -0.16
                 810          -0.11999998
                 811                -0.16
                 812                 -0.2
                 813          -0.24000001
                 814                 -0.2
                 815          -0.11999998
                 816         -0.079999983
                 817           0.24000001
                 818                  0.2
                 819                -0.16
                 820                 -0.2
                 821                -0.16
                 822           0.11999998
                 823          -0.75999987
                 824                  0.2
                 825          -0.28000003
                 826          -0.32000002
                 827          -0.11999998
                 828          -0.11999998
                 829          -0.63999999
                 830           0.28000003
                 831          -0.11999998
                 832          -0.63999999
                 833                 -0.2
                 834                 -0.2
                 835          -0.24000001
                 836          -0.24000001
                 837          -0.24000001
                 838          -0.28000003
                 839                -0.16
                 840           0.11999998
                 841                -0.16
                 842          -0.28000003
                 843                 -0.2
                 844           0.24000001
                 845           0.24000001
                 846          -0.11999998
                 847          -0.24000001
                 848          -0.28000003
                 849                -0.16
                 850          -0.24000001
                 851          -0.24000001
                 852          -0.28000003
                 853                  0.2
                 854           0.24000001
                 855          -0.11999998
                 856          -0.28000003
                 857                -0.16
                 858          -0.44000015
                 859           0.56000006
                 860                -0.16
                 861         -0.079999983
                 862                 0.16
                 863                -0.16
                 864           0.63999999
                 865                 0.16
                 866                  0.2
                 867           0.11999998
                 868                 0.16
                 869                 -0.2
                 870                -0.16
                 871          -0.75999987
                 872                -0.16
                 873          -0.11999998
                 874         -0.079999983
                 875                 -0.2
                 876                 0.16
                 877          -0.63999999
                 878          -0.28000003
                 879                -0.16
                 880           0.28000003
                 881           0.11999998
                 882                  0.2
                 883           0.56000006
                 884                -0.16
                 885          -0.28000003
                 886                  0.2
                 887          -0.32000002
                 888                  0.2
                 889                 -0.2
                 890          -0.24000001
                 891                 -0.2
                 892           0.24000001
                 893          -0.11999998
                 894          -0.71999991
                 895                 -0.2
                 896          -0.63999999
                 897                -0.16
                 898                  0.2
                 899                -0.16
                 900           0.56000006
                 901          -0.60000002
                 902          -0.24000001
                 903                  0.2
                 904           0.63999999
                 905                -0.16
                 906                 -0.2
                 907                -0.16
                 908           0.28000003
                 909          -0.28000003
                 910          -0.24000001
                 911                  0.2
                 912          -0.56000006
                 913          -0.28000003
                 914                -0.16
                 915                 -0.2
                 916                -0.16
                 917                 0.16
                 918                  0.2
                 919                  0.2
                 920           0.60000002
                 921          -0.67999995
                 922          -0.75999987
                 923          -0.28000003
                 924           0.60000002
                 925          -0.28000003
                 926          -0.28000003
                 927          -0.11999998
                 928                -0.16
                 929           0.11999998
                 930          -0.24000001
                 931           -0.5200001
                 932           0.28000003
                 933                  0.2
                 934           0.11999998
                 935          -0.11999998
                 936           0.28000003
                 937                 0.16
                 938          -0.32000002
                 939                -0.16
                 940          -0.75999987
                 941          -0.75999987
                 942          -0.32000002
                 943          -0.32000002
                 944                  0.2
                 945                  0.2
                 946          -0.11999998
                 947          -0.11999998
                 948           0.28000003
                 949           0.24000001
                 950                  0.2
                 951           0.63999999
                 952                -0.16
                 953                -0.16
                 954                  0.2
                 955                  0.2
                 956           0.60000002
                 957           0.28000003
                 958           0.24000001
                 959          -0.11999998
                 960                 -0.2
                 961          -0.67999995
                 962                -0.16
                 963          -0.24000001
                 964           -0.5200001
                 965          -0.67999995
                 966                  0.2
                 967          -0.24000001
                 968          -0.32000002
                 969           0.11999998
                 970                 -0.2
                 971          -0.32000002
                 972           0.24000001
                 973                  0.2
                 974          -0.24000001
                 975                 0.16
                 976           0.56000006
                 977           0.28000003
                 978           -0.5200001
                 979          -0.44000015
                 980          -0.11999998
                 981           0.56000006
                 982          -0.11999998
                 983         -0.079999983
                 984                 -0.2
                 985          -0.67999995
                 986                  0.2
                 987                 -0.2
                 988          -0.11999998
                 989                -0.16
                 990          -0.48000011
                 991          -0.32000002
                 992          -0.48000011
                 993                 0.16
                 994          -0.71999991
                 995           0.56000006
                 996                -0.16
                 997           0.11999998
                 998           0.24000001
                 999          -0.28000003
                1000           0.24000001
