                   1          -0.42800009
                   2           -0.6639998
                   3          -0.64400023
                   4          -0.59200025
                   5          -0.54800028
                   6          -0.65199995
                   7          -0.60000032
                   8          -0.58000022
                   9          -0.50800025
                  10          -0.57200021
                  11          -0.51200014
                  12          -0.65199995
                  13          -0.40400001
                  14          -0.31199998
                  15          -0.33600006
                  16          -0.48000014
                  17          -0.54400027
                  18          -0.48000014
                  19          -0.50000024
                  20          -0.48000014
                  21          -0.48000014
                  22          -0.50000036
                  23          -0.63600028
                  24          -0.56800032
                  25          -0.56400031
                  26           -0.4520002
                  27          -0.47200012
                  28          -0.58400023
                  29          -0.54400027
                  30          -0.71599883
                  31          -0.65200013
                  32          -0.74799836
                  33          -0.46400025
                  34          -0.52400017
                  35          -0.58800024
                  36          -0.62800026
                  37          -0.46000007
                  38          -0.58800024
                  39          -0.68799943
                  40          -0.66000003
                  41          -0.68799943
                  42          -0.53600019
                  43          -0.31999999
                  44           -0.5480001
                  45          -0.32800004
                  46          -0.46400011
                  47          -0.40800017
                  48          -0.32000014
                  49          -0.45600021
                  50          -0.36000016
                  51          -0.63600028
                  52          -0.69999921
                  53          -0.80399811
                  54          -0.82799834
                  55          -0.68399948
                  56          -0.62800026
                  57          -0.73999846
                  58          -0.64800018
                  59           -0.6639998
                  60          -0.58800024
                  61          -0.72399932
                  62          -0.43200013
                  63          -0.40399987
                  64          -0.49600005
                  65          -0.38000008
                  66          -0.40400001
                  67          -0.57200021
                  68          -0.63200027
                  69          -0.49200019
                  70          -0.50800014
                  71          -0.54800028
                  72          -0.54000038
                  73          -0.55200028
                  74          -0.67199969
                  75          -0.54400027
                  76          -0.41600022
                  77          -0.52800018
                  78          -0.62000024
                  79          -0.63200027
                  80          -0.73599851
                  81          -0.64800018
                  82          -0.73999846
                  83          -0.80399811
                  84          -0.67599958
                  85          -0.55600029
                  86          -0.49200019
                  87          -0.58400023
                  88          -0.48000014
                  89          -0.57600039
                  90          -0.57600039
                  91          -0.64400023
                  92          -0.60400033
                  93          -0.62000024
                  94          -0.65999985
                  95          -0.62000036
                  96          -0.53600037
                  97          -0.55600029
                  98          -0.50400025
                  99          -0.48400018
                 100          -0.48000032
                 101          -0.57200032
                 102          -0.74399841
                 103          -0.65200013
                 104          -0.69999921
                 105          -0.69199938
                 106          -0.68399948
                 107           -0.6639998
                 108          -0.50000006
                 109          -0.48000014
                 110          -0.51200026
                 111           -0.5400002
                 112          -0.67199969
                 113          -0.71599883
                 114           -0.6919992
                 115          -0.79199892
                 116          -0.61200023
                 117          -0.61200023
                 118          -0.66799974
                 119          -0.67199969
                 120          -0.48800018
                 121          -0.55600029
                 122          -0.62800026
                 123          -0.74799895
                 124          -0.72799927
                 125          -0.51600015
                 126          -0.47600013
                 127           -0.3440001
                 128          -0.60400015
                 129          -0.55200011
                 130          -0.51600015
                 131          -0.35199997
                 132          -0.29200006
                 133          -0.36800003
                 134          -0.57600021
                 135          -0.50000024
                 136          -0.56400031
                 137          -0.48800033
                 138          -0.58800024
                 139          -0.50400007
                 140          -0.58000022
                 141          -0.59200025
                 142          -0.55200028
                 143          -0.47600013
                 144          -0.58800024
                 145          -0.60800034
                 146          -0.37200019
                 147          -0.52000016
                 148          -0.56000018
                 149          -0.52000016
                 150          -0.40400031
                 151          -0.40000015
                 152          -0.47200012
                 153          -0.56800002
                 154          -0.45600006
                 155          -0.53600019
                 156          -0.47200012
                 157           -0.6919992
                 158          -0.69199979
                 159          -0.51199996
                 160          -0.57200021
                 161          -0.62400025
                 162          -0.46800011
                 163          -0.64000016
                 164          -0.48800004
                 165          -0.48799989
                 166          -0.47600013
                 167          -0.32400018
                 168          -0.58400023
                 169          -0.67599946
                 170          -0.68399996
                 171          -0.46400011
                 172          -0.40400001
                 173          -0.46799996
                 174          -0.37199989
                 175          -0.51200014
                 176          -0.55600029
                 177          -0.65199995
                 178          -0.70799899
                 179          -0.55600011
                 180          -0.49600005
                 181          -0.47200012
                 182          -0.46000007
                 183          -0.44400015
                 184          -0.69599932
                 185          -0.52400017
                 186          -0.66000003
                 187          -0.64000028
                 188          -0.51200026
                 189          -0.39600015
                 190          -0.40000001
                 191          -0.42800009
                 192          -0.60000014
                 193          -0.62000006
                 194          -0.74799955
                 195          -0.41200006
                 196          -0.42400008
                 197          -0.57600021
                 198           -0.6839993
                 199          -0.55600011
                 200          -0.54400027
                 201          -0.52800018
                 202          -0.58000022
                 203          -0.62400025
                 204          -0.73199862
                 205          -0.55200011
                 206          -0.56000018
                 207           -0.5400002
                 208          -0.75199831
                 209          -0.69599932
                 210          -0.68399948
                 211          -0.52400017
                 212          -0.62400025
                 213          -0.53200018
                 214          -0.51600015
                 215          -0.62000024
                 216          -0.48800018
                 217           -0.2920002
                 218          -0.45600006
                 219          -0.55600011
                 220          -0.42000008
                 221          -0.60000032
                 222          -0.50800043
                 223          -0.45600021
                 224          -0.58800024
                 225          -0.56400019
                 226          -0.48000014
                 227           -0.4960002
                 228          -0.48400003
                 229          -0.47599998
                 230          -0.48800004
                 231          -0.37999994
                 232          -0.48400003
                 233          -0.37199989
                 234          -0.47599998
                 235          -0.47999999
                 236          -0.62000006
                 237          -0.54400009
                 238          -0.42400008
                 239           -0.4960002
                 240          -0.58800024
                 241          -0.53600019
                 242          -0.78399843
                 243          -0.58800042
                 244          -0.79599822
                 245          -0.60000032
                 246          -0.49600005
                 247          -0.46400011
                 248          -0.37600023
                 249          -0.56400031
                 250          -0.51600027
                 251          -0.46000022
                 252          -0.36000016
                 253          -0.69999921
                 254          -0.73199862
                 255          -0.55600029
                 256          -0.38000008
                 257          -0.51200014
                 258          -0.31999999
                 259          -0.37199989
                 260          -0.33599991
                 261          -0.38399994
                 262          -0.51999998
                 263          -0.56000018
                 264          -0.34000006
                 265          -0.39199996
                 266          -0.42400008
                 267          -0.45200005
                 268          -0.62000024
                 269          -0.44800019
                 270          -0.57600039
                 271           -0.5800004
                 272          -0.57200021
                 273          -0.52400017
                 274          -0.32400018
                 275          -0.47199997
                 276          -0.42799994
                 277          -0.45600006
                 278          -0.46800011
                 279          -0.51600015
                 280          -0.41600022
                 281          -0.46400025
                 282          -0.62000036
                 283          -0.71999896
                 284          -0.32800019
                 285          -0.47200027
                 286          -0.64000016
                 287           -0.5600003
                 288          -0.60400045
                 289           -0.6919995
                 290          -0.64800018
                 291          -0.52400035
                 292           -0.5680002
                 293          -0.58400023
                 294          -0.71199888
                 295          -0.56000018
                 296           -0.3440001
                 297          -0.23999999
                 298          -0.47200012
                 299          -0.31200013
                 300           -0.5400002
                 301          -0.56400031
                 302          -0.58400023
                 303          -0.49200004
                 304          -0.54000008
                 305          -0.58400011
                 306          -0.41600007
                 307          -0.40400016
                 308          -0.44800004
                 309          -0.59199995
                 310          -0.41200006
                 311          -0.43600014
                 312          -0.52000016
                 313          -0.48800004
                 314          -0.34800011
                 315          -0.49600038
                 316          -0.68799943
                 317          -0.60000032
                 318          -0.38800025
                 319          -0.52400035
                 320          -0.51200026
                 321          -0.40000015
                 322          -0.54400009
                 323          -0.51600015
                 324          -0.55600029
                 325          -0.53600019
                 326          -0.62800044
                 327          -0.57200032
                 328          -0.52800018
                 329          -0.58800024
                 330          -0.57200021
                 331          -0.61600035
                 332          -0.54800028
                 333          -0.48800018
                 334          -0.66000003
                 335          -0.50000024
                 336          -0.65199995
                 337          -0.60400015
                 338          -0.64400011
                 339          -0.68799925
                 340          -0.62000024
                 341          -0.39600015
                 342          -0.44400001
                 343          -0.68799925
                 344          -0.39200011
                 345          -0.48800018
                 346          -0.50400025
                 347          -0.60000032
                 348           -0.5400002
                 349          -0.70399904
                 350          -0.58000022
                 351          -0.46400011
                 352          -0.43600014
                 353          -0.45600021
                 354           -0.5800004
                 355          -0.61600035
                 356          -0.38400024
                 357          -0.65199995
                 358          -0.46000007
                 359          -0.71999878
                 360          -0.30800027
                 361          -0.45600021
                 362          -0.57200021
                 363          -0.59600031
                 364          -0.74399841
                 365          -0.67199969
                 366          -0.72399873
                 367          -0.45600021
                 368          -0.58800012
                 369          -0.45200005
                 370          -0.56400019
                 371          -0.61600024
                 372          -0.58000022
                 373          -0.66799974
                 374          -0.44400001
                 375          -0.62800008
                 376          -0.47600013
                 377          -0.60800016
                 378          -0.64000028
                 379          -0.64400023
                 380               -0.648
                 381          -0.57600021
                 382          -0.44800004
                 383          -0.46000022
                 384          -0.56000018
                 385          -0.62000006
                 386          -0.31999999
                 387          -0.45600021
                 388          -0.69599915
                 389          -0.57200021
                 390          -0.53600019
                 391           -0.4520002
                 392          -0.55200028
                 393          -0.56400031
                 394          -0.51600027
                 395          -0.48800018
                 396           -0.5480001
                 397          -0.50800025
                 398          -0.45600006
                 399          -0.49200019
                 400          -0.57200021
                 401          -0.61200023
                 402          -0.66799974
                 403          -0.72399873
                 404          -0.73199922
                 405          -0.53200018
                 406          -0.40000015
                 407          -0.44800004
                 408          -0.62000024
                 409          -0.51200014
                 410          -0.53600019
                 411          -0.63200027
                 412          -0.60800016
                 413          -0.46800026
                 414          -0.49600005
                 415           -0.3880001
                 416          -0.37600005
                 417          -0.56400001
                 418          -0.46000007
                 419          -0.56400001
                 420          -0.49200004
                 421          -0.47600013
                 422          -0.39600015
                 423          -0.45200005
                 424           -0.4960002
                 425           -0.5600003
                 426          -0.63200027
                 427          -0.58400023
                 428          -0.30000007
                 429          -0.39600015
                 430          -0.35200012
                 431          -0.40400016
                 432          -0.52800018
                 433          -0.41200006
                 434          -0.55200011
                 435          -0.57200021
                 436          -0.49200019
                 437          -0.72399873
                 438          -0.58800024
                 439          -0.62800044
                 440          -0.60000032
                 441          -0.58800042
                 442          -0.63200045
                 443          -0.49200019
                 444          -0.44400015
                 445          -0.45999992
                 446          -0.49600005
                 447          -0.57200021
                 448           -0.5480001
                 449          -0.59200013
                 450          -0.62000024
                 451          -0.54000008
                 452          -0.44400015
                 453          -0.52800018
                 454          -0.40400016
                 455          -0.47200027
                 456          -0.54400027
                 457          -0.51600015
                 458          -0.53200018
                 459          -0.71999878
                 460          -0.70399904
                 461          -0.38400009
                 462          -0.50800014
                 463          -0.52400035
                 464           -0.5600003
                 465          -0.69199938
                 466          -0.54400027
                 467          -0.42800009
                 468          -0.54400027
                 469          -0.57200021
                 470          -0.51600027
                 471          -0.52400017
                 472          -0.62000024
                 473          -0.42000023
                 474          -0.60800034
                 475          -0.53200036
                 476          -0.69199938
                 477          -0.57600021
                 478          -0.70799899
                 479          -0.52399999
                 480          -0.48400003
                 481          -0.50800014
                 482          -0.52800006
                 483          -0.57600003
                 484          -0.48800004
                 485           -0.3880001
                 486          -0.59200025
                 487          -0.44000015
                 488          -0.52000016
                 489          -0.65200013
                 490           -0.5600003
                 491          -0.71199906
                 492          -0.49600038
                 493          -0.63600028
                 494           -0.6919992
                 495           -0.5400002
                 496          -0.49200019
                 497          -0.30400008
                 498          -0.40400016
                 499          -0.48400018
                 500          -0.42000008
                 501          -0.60400015
                 502          -0.74399841
                 503          -0.48400033
                 504          -0.67599976
                 505          -0.80399811
                 506          -0.65200013
                 507          -0.64000028
                 508          -0.54400009
                 509          -0.50800014
                 510          -0.46800011
                 511          -0.62400025
                 512          -0.44800019
                 513          -0.53200018
                 514          -0.55600011
                 515          -0.53600019
                 516          -0.67999953
                 517           -0.4960002
                 518          -0.42400023
                 519          -0.56800002
                 520          -0.87199831
                 521          -0.65600008
                 522          -0.67599958
                 523          -0.54800028
                 524          -0.48000032
                 525          -0.46400025
                 526          -0.51600015
                 527          -0.48400018
                 528          -0.54400009
                 529           -0.5400002
                 530          -0.60800034
                 531          -0.55600011
                 532          -0.52399999
                 533          -0.48000014
                 534          -0.59200025
                 535          -0.46400025
                 536          -0.72399873
                 537          -0.57200021
                 538          -0.54400027
                 539          -0.53200018
                 540          -0.56400031
                 541           -0.6839993
                 542          -0.57200003
                 543          -0.54400009
                 544           -0.5800001
                 545          -0.57200021
                 546          -0.38000023
                 547          -0.68399948
                 548          -0.57200032
                 549          -0.62800026
                 550          -0.63200027
                 551          -0.52400017
                 552          -0.70799899
                 553          -0.57200021
                 554          -0.67599958
                 555          -0.46800011
                 556          -0.68799943
                 557          -0.46400025
                 558          -0.54400027
                 559           -0.6839993
                 560          -0.61600024
                 561           -0.6639998
                 562          -0.45600006
                 563          -0.56400019
                 564          -0.51600015
                 565          -0.39199996
                 566          -0.46800011
                 567          -0.59600031
                 568          -0.58400023
                 569          -0.45600006
                 570          -0.52400017
                 571          -0.56400019
                 572          -0.48400018
                 573          -0.62800026
                 574          -0.59600031
                 575          -0.66799974
                 576          -0.38400024
                 577          -0.54800028
                 578          -0.46000022
                 579           -0.5400002
                 580          -0.48400018
                 581          -0.49200019
                 582          -0.52000016
                 583          -0.42000008
                 584          -0.61600024
                 585          -0.47200012
                 586          -0.46800011
                 587          -0.48400003
                 588          -0.47999999
                 589          -0.52800018
                 590           -0.3880001
                 591          -0.52000016
                 592          -0.60400015
                 593          -0.47600013
                 594           -0.5400002
                 595          -0.59200013
                 596          -0.50000024
                 597          -0.39200011
                 598          -0.39600015
                 599          -0.31600013
                 600           -0.4520002
                 601          -0.65999985
                 602          -0.50800014
                 603          -0.57200021
                 604          -0.34000006
                 605          -0.71199888
                 606          -0.50000024
                 607          -0.42800009
                 608          -0.42400008
                 609          -0.37200004
                 610          -0.39200011
                 611          -0.40800002
                 612          -0.37600005
                 613          -0.54000008
                 614          -0.47999999
                 615          -0.37600005
                 616          -0.56000018
                 617          -0.67999941
                 618          -0.65999985
                 619          -0.46000007
                 620           -0.6839993
                 621          -0.54400009
                 622          -0.56000018
                 623          -0.46800011
                 624          -0.58000022
                 625           -0.5800004
                 626          -0.43200028
                 627          -0.48400033
                 628           -0.4960002
                 629          -0.54400009
                 630          -0.42000023
                 631           -0.5600003
                 632          -0.51600027
                 633          -0.59600031
                 634          -0.48800018
                 635          -0.51600015
                 636          -0.38000008
                 637          -0.49200019
                 638          -0.46400011
                 639          -0.43200013
                 640          -0.54000008
                 641          -0.59600031
                 642          -0.56800032
                 643          -0.55200028
                 644          -0.44000015
                 645          -0.50000024
                 646          -0.32800004
                 647           -0.3440001
                 648          -0.43200013
                 649          -0.44000015
                 650          -0.55600011
                 651          -0.46000022
                 652           -0.5520004
                 653          -0.79999876
                 654          -0.73199862
                 655          -0.65200013
                 656          -0.45600006
                 657          -0.62400007
                 658          -0.46000022
                 659          -0.64000028
                 660          -0.62000036
                 661          -0.54800028
                 662          -0.60400033
                 663          -0.52000028
                 664          -0.61200023
                 665          -0.59600031
                 666          -0.58000022
                 667          -0.48400018
                 668          -0.50000006
                 669          -0.55200011
                 670          -0.48800004
                 671          -0.48400003
                 672          -0.58400023
                 673          -0.65199995
                 674          -0.83199829
                 675          -0.77599853
                 676          -0.59600031
                 677          -0.71599901
                 678          -0.59600043
                 679          -0.57200032
                 680          -0.54400027
                 681          -0.50400025
                 682           -0.5680002
                 683          -0.51200014
                 684          -0.44400015
                 685          -0.52800018
                 686          -0.64000016
                 687           -0.6559999
                 688          -0.57200021
                 689          -0.62000006
                 690          -0.53600019
                 691          -0.59200013
                 692          -0.35200012
                 693          -0.59200025
                 694           -0.3880001
                 695          -0.46400011
                 696          -0.31999999
                 697          -0.36000001
                 698          -0.60000002
                 699          -0.42400008
                 700          -0.53200018
                 701          -0.56800002
                 702          -0.56000018
                 703           -0.3880001
                 704          -0.36000001
                 705          -0.42399994
                 706          -0.44800004
                 707          -0.30399993
                 708          -0.51600015
                 709          -0.45600021
                 710          -0.51600015
                 711          -0.38000008
                 712          -0.48400018
                 713          -0.49200019
                 714          -0.69599915
                 715          -0.55600011
                 716          -0.53200018
                 717          -0.48400018
                 718          -0.62000024
                 719          -0.65999985
                 720          -0.56400019
                 721          -0.48000014
                 722          -0.60400003
                 723          -0.69999921
                 724          -0.69999921
                 725          -0.61600035
                 726          -0.50000024
                 727          -0.66000003
                 728          -0.38400024
                 729          -0.57200021
                 730          -0.37200019
                 731          -0.40800017
                 732          -0.60800034
                 733          -0.46800026
                 734           -0.3320002
                 735          -0.55200028
                 736          -0.85199797
                 737          -0.75999814
                 738          -0.49600038
                 739          -0.67599958
                 740               -0.648
                 741          -0.55600011
                 742          -0.40000015
                 743          -0.29600006
                 744          -0.60000032
                 745          -0.61200023
                 746          -0.66799974
                 747          -0.52000016
                 748          -0.34799996
                 749          -0.23599999
                 750          -0.43200013
                 751          -0.50800014
                 752          -0.34000006
                 753          -0.51600015
                 754          -0.38400009
                 755          -0.64000016
                 756          -0.50000006
                 757          -0.59200013
                 758          -0.58400023
                 759          -0.48000014
                 760          -0.61200005
                 761          -0.48800004
                 762           -0.5400002
                 763          -0.51600027
                 764          -0.60400033
                 765          -0.58400023
                 766          -0.46400025
                 767          -0.69999921
                 768          -0.58400023
                 769          -0.54800028
                 770          -0.59600031
                 771          -0.54400027
                 772          -0.60800016
                 773          -0.55200011
                 774          -0.59200013
                 775          -0.52800018
                 776          -0.35600013
                 777          -0.42800009
                 778          -0.31200013
                 779          -0.54400027
                 780           -0.4960002
                 781          -0.50000006
                 782          -0.48800004
                 783          -0.58800012
                 784          -0.54400009
                 785          -0.61200023
                 786          -0.58000022
                 787          -0.49200019
                 788          -0.44800019
                 789          -0.60800034
                 790          -0.71599883
                 791          -0.78799772
                 792          -0.75199831
                 793          -0.64000028
                 794          -0.62800026
                 795           -0.5600003
                 796          -0.51600027
                 797          -0.48800018
                 798          -0.63600016
                 799          -0.40400001
                 800          -0.51600015
                 801          -0.60000014
                 802          -0.50400025
                 803          -0.39200029
                 804          -0.66000003
                 805          -0.44800019
                 806          -0.52800018
                 807          -0.69199938
                 808          -0.64000028
                 809          -0.52000016
                 810          -0.41600007
                 811          -0.48800018
                 812          -0.40800002
                 813          -0.51600015
                 814          -0.39600015
                 815          -0.54800028
                 816          -0.60800052
                 817          -0.60800034
                 818           -0.8199985
                 819          -0.59600031
                 820          -0.60400033
                 821          -0.67999953
                 822          -0.58800024
                 823          -0.64400023
                 824          -0.60400033
                 825          -0.44400033
                 826          -0.42800027
                 827          -0.45600021
                 828          -0.58000022
                 829          -0.45600021
                 830          -0.40800017
                 831          -0.59600031
                 832          -0.40000001
                 833          -0.42400008
                 834          -0.51200014
                 835          -0.38799995
                 836          -0.52800018
                 837          -0.62800026
                 838          -0.48800018
                 839          -0.38400024
                 840          -0.38000023
                 841          -0.59200025
                 842          -0.58800024
                 843          -0.63600045
                 844          -0.62800044
                 845          -0.77199858
                 846          -0.51200026
                 847          -0.41200006
                 848          -0.58800012
                 849          -0.63200015
                 850          -0.51599997
                 851          -0.58799994
                 852          -0.48400018
                 853          -0.39200011
                 854          -0.51200026
                 855           -0.5680002
                 856          -0.65999985
                 857          -0.50800025
                 858          -0.56400031
                 859          -0.59200025
                 860          -0.52000028
                 861          -0.61600035
                 862          -0.60400033
                 863          -0.46000022
                 864          -0.38000008
                 865          -0.46400011
                 866          -0.52000016
                 867          -0.40800017
                 868          -0.46800011
                 869          -0.60800016
                 870          -0.76799864
                 871          -0.62000036
                 872          -0.58400041
                 873          -0.48000032
                 874          -0.55600011
                 875          -0.47200012
                 876          -0.47999999
                 877          -0.29600006
                 878          -0.33200005
                 879          -0.41999993
                 880          -0.36399987
                 881          -0.46800011
                 882          -0.47199997
                 883          -0.55599982
                 884          -0.36000001
                 885          -0.42000008
                 886          -0.60800016
                 887          -0.60000032
                 888          -0.62400037
                 889          -0.60000032
                 890          -0.67599958
                 891          -0.86399841
                 892          -0.48000014
                 893          -0.62000024
                 894          -0.42000008
                 895          -0.48400018
                 896          -0.58800024
                 897          -0.46400025
                 898          -0.47200027
                 899          -0.53600019
                 900          -0.50400025
                 901          -0.31600013
                 902          -0.57200032
                 903          -0.42000023
                 904          -0.63200027
                 905          -0.66799974
                 906          -0.35600013
                 907          -0.50800025
                 908          -0.57600021
                 909          -0.59600031
                 910          -0.34400025
                 911          -0.42400008
                 912          -0.46000007
                 913          -0.46000022
                 914          -0.65199995
                 915          -0.48000014
                 916          -0.54400027
                 917           -0.6639998
                 918               -0.648
                 919          -0.61200035
                 920          -0.59600043
                 921          -0.66799974
                 922          -0.51200026
                 923          -0.46000007
                 924          -0.54800028
                 925          -0.60800034
                 926          -0.59200025
                 927          -0.58400011
                 928          -0.50400025
                 929          -0.48000032
                 930          -0.36000016
                 931          -0.71599883
                 932          -0.62800026
                 933           -0.6919992
                 934          -0.41999993
                 935          -0.43600014
                 936          -0.53600019
                 937           -0.4520002
                 938          -0.40000001
                 939          -0.39199996
                 940                -0.44
                 941          -0.46400011
                 942          -0.56400019
                 943          -0.36800003
                 944          -0.46000007
                 945          -0.40400016
                 946           -0.4520002
                 947          -0.57200032
                 948          -0.50000024
                 949          -0.51600015
                 950           -0.6559999
                 951          -0.39600015
                 952          -0.58800024
                 953           -0.6639998
                 954          -0.65600008
                 955          -0.58400023
                 956          -0.58800024
                 957          -0.60800016
                 958          -0.57600003
                 959          -0.58800024
                 960          -0.55600011
                 961          -0.44400015
                 962          -0.42000023
                 963          -0.44400015
                 964          -0.36800018
                 965          -0.40400016
                 966          -0.33600006
                 967          -0.55200011
                 968          -0.51200014
                 969               -0.648
                 970          -0.59200025
                 971          -0.46000022
                 972          -0.57200021
                 973           -0.3880001
                 974          -0.39600015
                 975          -0.58400011
                 976           -0.5680002
                 977          -0.48400018
                 978          -0.52400017
                 979          -0.52400017
                 980          -0.50000024
                 981          -0.58400011
                 982          -0.51999998
                 983          -0.60000014
                 984          -0.46800026
                 985          -0.55200028
                 986          -0.63600028
                 987          -0.44400033
                 988          -0.47200027
                 989          -0.50000024
                 990          -0.68399948
                 991          -0.37200019
                 992          -0.56800032
                 993          -0.62400025
                 994          -0.58800024
                 995          -0.59600031
                 996          -0.61200035
                 997          -0.56800002
                 998          -0.53600019
                 999          -0.58000022
                1000          -0.54799998
