                   1          -0.79999995
                   2           -1.1000004
                   3           -1.4000006
                   4           -2.2000008
                   5           -2.2000008
                   6           -2.2000008
                   7           -2.2000008
                   8           -2.2000008
                   9           -2.2000008
                  10           -2.2000008
                  11           -2.2000008
                  12           -2.2000008
                  13           -2.2000008
                  14           -2.2000008
                  15           -2.2000008
                  16           -2.2000008
                  17           -2.2000008
                  18           -2.2000008
                  19           -2.2000008
                  20           -2.2000008
                  21           -2.2000008
                  22           -2.2000008
                  23           -2.2000008
                  24           -2.2000008
                  25           -2.2000008
                  26           -2.2000008
                  27           -2.2000008
                  28           -2.2000008
                  29           -2.2000008
                  30           -2.2000008
                  31           -2.2000008
                  32           -2.2000008
                  33           -2.2000008
                  34           -2.2000008
                  35           -2.2000008
                  36           -2.2000008
                  37           -2.2000008
                  38           -2.2000008
                  39           -2.2000008
                  40           -2.2000008
                  41           -2.2000008
                  42           -2.2000008
                  43           -2.2000008
                  44           -2.2000008
                  45           -2.2000008
                  46           -2.2000008
                  47           -2.2000008
                  48           -2.2000008
                  49           -2.2000008
                  50           -2.2000008
                  51           -2.2000008
                  52           -2.2000008
                  53           -2.2000008
                  54           -2.2000008
                  55           -2.2000008
                  56           -2.2000008
                  57           -2.2000008
                  58           -2.2000008
                  59           -2.2000008
                  60           -2.2000008
                  61           -2.2000008
                  62           -2.2000008
                  63           -2.2000008
                  64           -2.2000008
                  65           -2.2000008
                  66           -2.2000008
                  67           -2.2000008
                  68           -2.2000008
                  69           -2.2000008
                  70           -2.2000008
                  71           -2.2000008
                  72           -2.2000008
                  73           -2.2000008
                  74           -2.2000008
                  75           -2.2000008
                  76           -2.2000008
                  77           -2.2000008
                  78           -2.2000008
                  79           -2.2000008
                  80           -2.2000008
                  81           -2.2000008
                  82           -2.2000008
                  83           -2.2000008
                  84           -2.2000008
                  85           -2.2000008
                  86           -2.2000008
                  87           -2.2000008
                  88           -2.2000008
                  89           -2.2000008
                  90           -2.2000008
                  91           -2.2000008
                  92           -2.2000008
                  93           -2.2000008
                  94           -2.2000008
                  95           -2.2000008
                  96           -2.2000008
                  97           -2.2000008
                  98           -2.2000008
                  99           -2.2000008
                 100           -2.2000008
                 101           -2.2000008
                 102           -2.2000008
                 103           -2.2000008
                 104           -2.2000008
                 105           -2.2000008
                 106           -2.2000008
                 107           -2.2000008
                 108           -2.2000008
                 109           -2.2000008
                 110           -2.2000008
                 111           -2.2000008
                 112           -2.2000008
                 113           -2.2000008
                 114           -2.2000008
                 115           -2.2000008
                 116           -2.2000008
                 117           -2.2000008
                 118           -2.2000008
                 119           -2.2000008
                 120           -2.2000008
                 121           -2.2000008
                 122           -2.2000008
                 123           -2.2000008
                 124           -2.2000008
                 125           -2.2000008
                 126           -2.2000008
                 127           -2.2000008
                 128           -2.2000008
                 129           -2.2000008
                 130           -2.2000008
                 131           -2.2000008
                 132           -2.2000008
                 133           -2.2000008
                 134           -2.2000008
                 135           -2.2000008
                 136           -2.2000008
                 137           -2.2000008
                 138           -2.2000008
                 139           -2.2000008
                 140           -2.2000008
                 141           -2.2000008
                 142           -2.2000008
                 143           -2.2000008
                 144           -2.2000008
                 145           -2.2000008
                 146           -2.2000008
                 147           -2.2000008
                 148           -2.2000008
                 149           -2.2000008
                 150           -2.2000008
                 151           -2.2000008
                 152           -2.2000008
                 153           -2.2000008
                 154           -2.2000008
                 155           -2.2000008
                 156           -2.2000008
                 157           -2.2000008
                 158           -2.2000008
                 159           -2.2000008
                 160           -2.2000008
                 161           -2.2000008
                 162           -2.2000008
                 163           -2.2000008
                 164           -2.2000008
                 165           -2.2000008
                 166           -2.2000008
                 167           -2.2000008
                 168           -2.2000008
                 169           -2.2000008
                 170           -2.2000008
                 171           -2.2000008
                 172           -2.2000008
                 173           -2.2000008
                 174           -2.2000008
                 175           -2.2000008
                 176           -2.2000008
                 177           -2.2000008
                 178           -2.2000008
                 179           -2.2000008
                 180           -2.2000008
                 181           -2.2000008
                 182           -2.2000008
                 183           -2.2000008
                 184           -2.2000008
                 185           -2.2000008
                 186           -2.2000008
                 187           -2.2000008
                 188           -2.2000008
                 189           -2.2000008
                 190           -2.2000008
                 191           -2.2000008
                 192           -2.2000008
                 193           -2.2000008
                 194           -2.2000008
                 195           -2.2000008
                 196           -2.2000008
                 197           -2.2000008
                 198           -2.2000008
                 199           -2.2000008
                 200           -2.2000008
                 201           -2.2000008
                 202           -2.2000008
                 203           -2.2000008
                 204           -2.2000008
                 205           -2.2000008
                 206           -2.2000008
                 207           -2.2000008
                 208           -2.2000008
                 209           -2.2000008
                 210           -2.2000008
                 211           -2.2000008
                 212           -2.2000008
                 213           -2.2000008
                 214           -2.2000008
                 215           -2.2000008
                 216           -2.2000008
                 217           -2.2000008
                 218           -2.2000008
                 219           -2.2000008
                 220           -2.2000008
                 221           -2.2000008
                 222           -2.2000008
                 223           -2.2000008
                 224           -2.2000008
                 225           -2.2000008
                 226           -2.2000008
                 227           -2.2000008
                 228           -2.2000008
                 229           -2.2000008
                 230           -2.2000008
                 231           -2.2000008
                 232           -2.2000008
                 233           -2.2000008
                 234           -2.2000008
                 235           -2.2000008
                 236           -2.2000008
                 237           -2.2000008
                 238           -2.2000008
                 239           -2.2000008
                 240           -2.2000008
                 241           -2.2000008
                 242           -2.2000008
                 243           -2.2000008
                 244           -2.2000008
                 245           -2.2000008
                 246           -2.2000008
                 247           -2.2000008
                 248           -2.2000008
                 249           -2.2000008
                 250           -2.2000008
                 251           -2.2000008
                 252           -2.2000008
                 253           -2.2000008
                 254           -2.2000008
                 255           -2.2000008
                 256           -2.2000008
                 257           -2.2000008
                 258           -2.2000008
                 259           -2.2000008
                 260           -2.2000008
                 261           -2.2000008
                 262           -2.2000008
                 263           -2.2000008
                 264           -2.2000008
                 265           -2.2000008
                 266           -2.2000008
                 267           -2.2000008
                 268           -2.2000008
                 269           -2.2000008
                 270           -2.2000008
                 271           -2.2000008
                 272           -2.2000008
                 273           -2.2000008
                 274           -2.2000008
                 275           -2.2000008
                 276           -2.2000008
                 277           -2.2000008
                 278           -2.2000008
                 279           -2.2000008
                 280           -2.2000008
                 281           -2.2000008
                 282           -2.2000008
                 283           -2.2000008
                 284           -2.2000008
                 285           -2.2000008
                 286           -2.2000008
                 287           -2.2000008
                 288           -2.2000008
                 289           -2.2000008
                 290           -2.2000008
                 291           -2.2000008
                 292           -2.2000008
                 293           -2.2000008
                 294           -2.2000008
                 295           -2.2000008
                 296           -2.2000008
                 297           -2.2000008
                 298           -2.2000008
                 299           -2.2000008
                 300           -2.2000008
                 301           -2.2000008
                 302           -2.2000008
                 303           -2.2000008
                 304           -2.2000008
                 305           -2.2000008
                 306           -2.2000008
                 307           -2.2000008
                 308           -2.2000008
                 309           -2.2000008
                 310           -2.2000008
                 311           -2.2000008
                 312           -2.2000008
                 313           -2.2000008
                 314           -2.2000008
                 315           -2.2000008
                 316           -2.2000008
                 317           -2.2000008
                 318           -2.2000008
                 319           -2.2000008
                 320           -2.2000008
                 321           -2.2000008
                 322           -2.2000008
                 323           -2.2000008
                 324           -2.2000008
                 325           -2.2000008
                 326           -2.2000008
                 327           -2.2000008
                 328           -2.2000008
                 329           -2.2000008
                 330           -2.2000008
                 331           -2.2000008
                 332           -2.2000008
                 333           -2.2000008
                 334           -2.2000008
                 335           -2.2000008
                 336           -2.2000008
                 337           -2.2000008
                 338           -2.2000008
                 339           -2.2000008
                 340           -2.2000008
                 341           -2.2000008
                 342           -2.2000008
                 343           -2.2000008
                 344           -2.2000008
                 345           -2.2000008
                 346           -2.2000008
                 347           -2.2000008
                 348           -2.2000008
                 349           -2.2000008
                 350           -2.2000008
                 351           -2.2000008
                 352           -2.2000008
                 353           -2.2000008
                 354           -2.2000008
                 355           -2.2000008
                 356           -2.2000008
                 357           -2.2000008
                 358           -2.2000008
                 359           -2.2000008
                 360           -2.2000008
                 361           -2.2000008
                 362           -2.2000008
                 363           -2.2000008
                 364           -2.2000008
                 365           -2.2000008
                 366           -2.2000008
                 367           -2.2000008
                 368           -2.2000008
                 369           -2.2000008
                 370           -2.2000008
                 371           -2.2000008
                 372           -2.2000008
                 373           -2.2000008
                 374           -2.2000008
                 375           -2.2000008
                 376           -2.2000008
                 377           -2.2000008
                 378           -2.2000008
                 379           -2.2000008
                 380           -2.2000008
                 381           -2.2000008
                 382           -2.2000008
                 383           -2.2000008
                 384           -2.2000008
                 385           -2.2000008
                 386           -2.2000008
                 387           -2.2000008
                 388           -2.2000008
                 389           -2.2000008
                 390           -2.2000008
                 391           -2.2000008
                 392           -2.2000008
                 393           -2.2000008
                 394           -2.2000008
                 395           -2.2000008
                 396           -2.2000008
                 397           -2.2000008
                 398           -2.2000008
                 399           -2.2000008
                 400           -2.2000008
                 401           -2.2000008
                 402           -2.2000008
                 403           -2.2000008
                 404           -2.2000008
                 405           -2.2000008
                 406           -2.2000008
                 407           -2.2000008
                 408           -2.2000008
                 409           -2.2000008
                 410           -2.2000008
                 411           -2.2000008
                 412           -2.2000008
                 413           -2.2000008
                 414           -2.2000008
                 415           -2.2000008
                 416           -2.2000008
                 417           -2.2000008
                 418           -2.2000008
                 419           -2.2000008
                 420           -2.2000008
                 421           -2.2000008
                 422           -2.2000008
                 423           -2.2000008
                 424           -2.2000008
                 425           -2.2000008
                 426           -2.2000008
                 427           -2.2000008
                 428           -2.2000008
                 429           -2.2000008
                 430           -2.2000008
                 431           -2.2000008
                 432           -2.2000008
                 433           -2.2000008
                 434           -2.2000008
                 435           -2.2000008
                 436           -2.2000008
                 437           -2.2000008
                 438           -2.2000008
                 439           -2.2000008
                 440           -2.2000008
                 441           -2.2000008
                 442           -2.2000008
                 443           -2.2000008
                 444           -2.2000008
                 445           -2.2000008
                 446           -2.2000008
                 447           -2.2000008
                 448           -2.2000008
                 449           -2.2000008
                 450           -2.2000008
                 451           -2.2000008
                 452           -2.2000008
                 453           -2.2000008
                 454           -2.2000008
                 455           -2.2000008
                 456           -2.2000008
                 457           -2.2000008
                 458           -2.2000008
                 459           -2.2000008
                 460           -2.2000008
                 461           -2.2000008
                 462           -2.2000008
                 463           -2.2000008
                 464           -2.2000008
                 465           -2.2000008
                 466           -2.2000008
                 467           -2.2000008
                 468           -2.2000008
                 469           -2.2000008
                 470           -2.2000008
                 471           -2.2000008
                 472           -2.2000008
                 473           -2.2000008
                 474           -2.2000008
                 475           -2.2000008
                 476           -2.2000008
                 477           -2.2000008
                 478           -2.2000008
                 479           -2.2000008
                 480           -2.2000008
                 481           -2.2000008
                 482           -2.2000008
                 483           -2.2000008
                 484           -2.2000008
                 485           -2.2000008
                 486           -2.2000008
                 487           -2.2000008
                 488           -2.2000008
                 489           -2.2000008
                 490           -2.2000008
                 491           -2.2000008
                 492           -2.2000008
                 493           -2.2000008
                 494           -2.2000008
                 495           -2.2000008
                 496           -2.2000008
                 497           -2.2000008
                 498           -2.2000008
                 499           -2.2000008
                 500           -2.2000008
                 501           -2.2000008
                 502           -2.2000008
                 503           -2.2000008
                 504           -2.2000008
                 505           -2.2000008
                 506           -2.2000008
                 507           -2.2000008
                 508           -2.2000008
                 509           -2.2000008
                 510           -2.2000008
                 511           -2.2000008
                 512           -2.2000008
                 513           -2.2000008
                 514           -2.2000008
                 515           -2.2000008
                 516           -2.2000008
                 517           -2.2000008
                 518           -2.2000008
                 519           -2.2000008
                 520           -2.2000008
                 521           -2.2000008
                 522           -2.2000008
                 523           -2.2000008
                 524           -2.2000008
                 525           -2.2000008
                 526           -2.2000008
                 527           -2.2000008
                 528           -2.2000008
                 529           -2.2000008
                 530           -2.2000008
                 531           -2.2000008
                 532           -2.2000008
                 533           -2.2000008
                 534           -2.2000008
                 535           -2.2000008
                 536           -2.2000008
                 537           -2.2000008
                 538           -2.2000008
                 539           -2.2000008
                 540           -2.2000008
                 541           -2.2000008
                 542           -2.2000008
                 543           -2.2000008
                 544           -2.2000008
                 545           -2.2000008
                 546           -2.2000008
                 547           -2.2000008
                 548           -2.2000008
                 549           -2.2000008
                 550           -2.2000008
                 551           -2.2000008
                 552           -2.2000008
                 553           -2.2000008
                 554           -2.2000008
                 555           -2.2000008
                 556           -2.2000008
                 557           -2.2000008
                 558           -2.2000008
                 559           -2.2000008
                 560           -2.2000008
                 561           -2.2000008
                 562           -2.2000008
                 563           -2.2000008
                 564           -2.2000008
                 565           -2.2000008
                 566           -2.2000008
                 567           -2.2000008
                 568           -2.2000008
                 569           -2.2000008
                 570           -2.2000008
                 571           -2.2000008
                 572           -2.2000008
                 573           -2.2000008
                 574           -2.2000008
                 575           -2.2000008
                 576           -2.2000008
                 577           -2.2000008
                 578           -2.2000008
                 579           -2.2000008
                 580           -2.2000008
                 581           -2.2000008
                 582           -2.2000008
                 583           -2.2000008
                 584           -2.2000008
                 585           -2.2000008
                 586           -2.2000008
                 587           -2.2000008
                 588           -2.2000008
                 589           -2.2000008
                 590           -2.2000008
                 591           -2.2000008
                 592           -2.2000008
                 593           -2.2000008
                 594           -2.2000008
                 595           -2.2000008
                 596           -2.2000008
                 597           -2.2000008
                 598           -2.2000008
                 599           -2.2000008
                 600           -2.2000008
                 601           -2.2000008
                 602           -2.2000008
                 603           -2.2000008
                 604           -2.2000008
                 605           -2.2000008
                 606           -2.2000008
                 607           -2.2000008
                 608           -2.2000008
                 609           -2.2000008
                 610           -2.2000008
                 611           -2.2000008
                 612           -2.2000008
                 613           -2.2000008
                 614           -2.2000008
                 615           -2.2000008
                 616           -2.2000008
                 617           -2.2000008
                 618           -2.2000008
                 619           -2.2000008
                 620           -2.2000008
                 621           -2.2000008
                 622           -2.2000008
                 623           -2.2000008
                 624           -2.2000008
                 625           -2.2000008
                 626           -2.2000008
                 627           -2.2000008
                 628           -2.2000008
                 629           -2.2000008
                 630           -2.2000008
                 631           -2.2000008
                 632           -2.2000008
                 633           -2.2000008
                 634           -2.2000008
                 635           -2.2000008
                 636           -2.2000008
                 637           -2.2000008
                 638           -2.2000008
                 639           -2.2000008
                 640           -2.2000008
                 641           -2.2000008
                 642           -2.2000008
                 643           -2.2000008
                 644           -2.2000008
                 645           -2.2000008
                 646           -2.2000008
                 647           -2.2000008
                 648           -2.2000008
                 649           -2.2000008
                 650           -2.2000008
                 651           -2.2000008
                 652           -2.2000008
                 653           -2.2000008
                 654           -2.2000008
                 655           -2.2000008
                 656           -2.2000008
                 657           -2.2000008
                 658           -2.2000008
                 659           -2.2000008
                 660           -2.2000008
                 661           -2.2000008
                 662           -2.2000008
                 663           -2.2000008
                 664           -2.2000008
                 665           -2.2000008
                 666           -2.2000008
                 667           -2.2000008
                 668           -2.2000008
                 669           -2.2000008
                 670           -2.2000008
                 671           -2.2000008
                 672           -2.2000008
                 673           -2.2000008
                 674           -2.2000008
                 675           -2.2000008
                 676           -2.2000008
                 677           -2.2000008
                 678           -2.2000008
                 679           -2.2000008
                 680           -2.2000008
                 681           -2.2000008
                 682           -2.2000008
                 683           -2.2000008
                 684           -2.2000008
                 685           -2.2000008
                 686           -2.2000008
                 687           -2.2000008
                 688           -2.2000008
                 689           -2.2000008
                 690           -2.2000008
                 691           -2.2000008
                 692           -2.2000008
                 693           -2.2000008
                 694           -2.2000008
                 695           -2.2000008
                 696           -2.2000008
                 697           -2.2000008
                 698           -2.2000008
                 699           -2.2000008
                 700           -2.2000008
                 701           -2.2000008
                 702           -2.2000008
                 703           -2.2000008
                 704           -2.2000008
                 705           -2.2000008
                 706           -2.2000008
                 707           -2.2000008
                 708           -2.2000008
                 709           -2.2000008
                 710           -2.2000008
                 711           -2.2000008
                 712           -2.2000008
                 713           -2.2000008
                 714           -2.2000008
                 715           -2.2000008
                 716           -2.2000008
                 717           -2.2000008
                 718           -2.2000008
                 719           -2.2000008
                 720           -2.2000008
                 721           -2.2000008
                 722           -2.2000008
                 723           -2.2000008
                 724           -2.2000008
                 725           -2.2000008
                 726           -2.2000008
                 727           -2.2000008
                 728           -2.2000008
                 729           -2.2000008
                 730           -2.2000008
                 731           -2.2000008
                 732           -2.2000008
                 733           -2.2000008
                 734           -2.2000008
                 735           -2.2000008
                 736           -2.2000008
                 737           -2.2000008
                 738           -2.2000008
                 739           -2.2000008
                 740           -2.2000008
                 741           -2.2000008
                 742           -2.2000008
                 743           -2.2000008
                 744           -2.2000008
                 745           -2.2000008
                 746           -2.2000008
                 747           -2.2000008
                 748           -2.2000008
                 749           -2.2000008
                 750           -2.2000008
                 751           -2.2000008
                 752           -2.2000008
                 753           -2.2000008
                 754           -2.2000008
                 755           -2.2000008
                 756           -2.2000008
                 757           -2.2000008
                 758           -2.2000008
                 759           -2.2000008
                 760           -2.2000008
                 761           -2.2000008
                 762           -2.2000008
                 763           -2.2000008
                 764           -2.2000008
                 765           -2.2000008
                 766           -2.2000008
                 767           -2.2000008
                 768           -2.2000008
                 769           -2.2000008
                 770           -2.2000008
                 771           -2.2000008
                 772           -2.2000008
                 773           -2.2000008
                 774           -2.2000008
                 775           -2.2000008
                 776           -2.2000008
                 777           -2.2000008
                 778           -2.2000008
                 779           -2.2000008
                 780           -2.2000008
                 781           -2.2000008
                 782           -2.2000008
                 783           -2.2000008
                 784           -2.2000008
                 785           -2.2000008
                 786           -2.2000008
                 787           -2.2000008
                 788           -2.2000008
                 789           -2.2000008
                 790           -2.2000008
                 791           -2.2000008
                 792           -2.2000008
                 793           -2.2000008
                 794           -2.2000008
                 795           -2.2000008
                 796           -2.2000008
                 797           -2.2000008
                 798           -2.2000008
                 799           -2.2000008
                 800           -2.2000008
                 801           -2.2000008
                 802           -2.2000008
                 803           -2.2000008
                 804           -2.2000008
                 805           -2.2000008
                 806           -2.2000008
                 807           -2.2000008
                 808           -2.2000008
                 809           -2.2000008
                 810           -2.2000008
                 811           -2.2000008
                 812           -2.2000008
                 813           -2.2000008
                 814           -2.2000008
                 815           -2.2000008
                 816           -2.2000008
                 817           -2.2000008
                 818           -2.2000008
                 819           -2.2000008
                 820           -2.2000008
                 821           -2.2000008
                 822           -2.2000008
                 823           -2.2000008
                 824           -2.2000008
                 825           -2.2000008
                 826           -2.2000008
                 827           -2.2000008
                 828           -2.2000008
                 829           -2.2000008
                 830           -2.2000008
                 831           -2.2000008
                 832           -2.2000008
                 833           -2.2000008
                 834           -2.2000008
                 835           -2.2000008
                 836           -2.2000008
                 837           -2.2000008
                 838           -2.2000008
                 839           -2.2000008
                 840           -2.2000008
                 841           -2.2000008
                 842           -2.2000008
                 843           -2.2000008
                 844           -2.2000008
                 845           -2.2000008
                 846           -2.2000008
                 847           -2.2000008
                 848           -2.2000008
                 849           -2.2000008
                 850           -2.2000008
                 851           -2.2000008
                 852           -2.2000008
                 853           -2.2000008
                 854           -2.2000008
                 855           -2.2000008
                 856           -2.2000008
                 857           -2.2000008
                 858           -2.2000008
                 859           -2.2000008
                 860           -2.2000008
                 861           -2.2000008
                 862           -2.2000008
                 863           -2.2000008
                 864           -2.2000008
                 865           -2.2000008
                 866           -2.2000008
                 867           -2.2000008
                 868           -2.2000008
                 869           -2.2000008
                 870           -2.2000008
                 871           -2.2000008
                 872           -2.2000008
                 873           -2.2000008
                 874           -2.2000008
                 875           -2.2000008
                 876           -2.2000008
                 877           -2.2000008
                 878           -2.2000008
                 879           -2.2000008
                 880           -2.2000008
                 881           -2.2000008
                 882           -2.2000008
                 883           -2.2000008
                 884           -2.2000008
                 885           -2.2000008
                 886           -2.2000008
                 887           -2.2000008
                 888           -2.2000008
                 889           -2.2000008
                 890           -2.2000008
                 891           -2.2000008
                 892           -2.2000008
                 893           -2.2000008
                 894           -2.2000008
                 895           -2.2000008
                 896           -2.2000008
                 897           -2.2000008
                 898           -2.2000008
                 899           -2.2000008
                 900           -2.2000008
                 901           -2.2000008
                 902           -2.2000008
                 903           -2.2000008
                 904           -2.2000008
                 905           -2.2000008
                 906           -2.2000008
                 907           -2.2000008
                 908           -2.2000008
                 909           -2.2000008
                 910           -2.2000008
                 911           -2.2000008
                 912           -2.2000008
                 913           -2.2000008
                 914           -2.2000008
                 915           -2.2000008
                 916           -2.2000008
                 917           -2.2000008
                 918           -2.2000008
                 919           -2.2000008
                 920           -2.2000008
                 921           -2.2000008
                 922           -2.2000008
                 923           -2.2000008
                 924           -2.2000008
                 925           -2.2000008
                 926           -2.2000008
                 927           -2.2000008
                 928           -2.2000008
                 929           -2.2000008
                 930           -2.2000008
                 931           -2.2000008
                 932           -2.2000008
                 933           -2.2000008
                 934           -2.2000008
                 935           -2.2000008
                 936           -2.2000008
                 937           -2.2000008
                 938           -2.2000008
                 939           -2.2000008
                 940           -2.2000008
                 941           -2.2000008
                 942           -2.2000008
                 943           -2.2000008
                 944           -2.2000008
                 945           -2.2000008
                 946           -2.2000008
                 947           -2.2000008
                 948           -2.2000008
                 949           -2.2000008
                 950           -2.2000008
                 951           -2.2000008
                 952           -2.2000008
                 953           -2.2000008
                 954           -2.2000008
                 955           -2.2000008
                 956           -2.2000008
                 957           -2.2000008
                 958           -2.2000008
                 959           -2.2000008
                 960           -2.2000008
                 961           -2.2000008
                 962           -2.2000008
                 963           -2.2000008
                 964           -2.2000008
                 965           -2.2000008
                 966           -2.2000008
                 967           -2.2000008
                 968           -2.2000008
                 969           -2.2000008
                 970           -2.2000008
                 971           -2.2000008
                 972           -2.2000008
                 973           -2.2000008
                 974           -2.2000008
                 975           -2.2000008
                 976           -2.2000008
                 977           -2.2000008
                 978           -2.2000008
                 979           -2.2000008
                 980           -2.2000008
                 981           -2.2000008
                 982           -2.2000008
                 983           -2.2000008
                 984           -2.2000008
                 985           -2.2000008
                 986           -2.2000008
                 987           -2.2000008
                 988           -2.2000008
                 989           -2.2000008
                 990           -2.2000008
                 991           -2.2000008
                 992           -2.2000008
                 993           -2.2000008
                 994           -2.2000008
                 995           -2.2000008
                 996           -2.2000008
                 997           -2.2000008
                 998           -2.2000008
                 999           -2.2000008
                1000           -2.2000008
