                   1          0.018999999
                   2               0.0254
                   3          0.030999999
                   4          0.036400001
                   5               0.0208
                   6          0.030999999
                   7          0.044199999
                   8          0.036800001
                   9          0.035399999
                  10          0.066799998
                  11                0.022
                  12                0.044
                  13               0.0276
                  14          0.019200001
                  15         0.0057999999
                  16         0.0098000001
                  17          0.030200001
                  18          0.036400001
                  19          0.037799999
                  20                0.055
                  21               0.0504
                  22          0.038600001
                  23          0.030999999
                  24          0.049800001
                  25               0.0502
                  26               0.0416
                  27          0.031399999
                  28          0.023600001
                  29          0.039000001
                  30          0.036200002
                  31          0.031399999
                  32          0.044599999
                  33               0.0252
                  34          0.027799999
                  35               0.0254
                  36               0.0306
                  37          0.031399999
                  38          0.018200001
                  39          0.033799998
                  40          0.055199999
                  41               0.0392
                  42          0.044799998
                  43          0.047400001
                  44          0.039999999
                  45               0.0222
                  46          0.032600001
                  47          0.053399999
                  48          0.051399998
                  49          0.040199999
                  50               0.0502
                  51          0.038400002
                  52               0.0132
                  53          0.016799999
                  54         0.0098000001
                  55          0.022600001
                  56               0.0274
                  57          0.020199999
                  58          0.055599999
                  59          0.034600001
                  60          0.035799999
                  61          0.026000001
                  62          0.023399999
                  63               0.0462
                  64          0.034600001
                  65                0.033
                  66          0.023800001
                  67          0.038199998
                  68          0.023600001
                  69          0.024599999
                  70          0.017999999
                  71          0.033799998
                  72          0.023600001
                  73               0.0174
                  74               0.0174
                  75          0.033199999
                  76               0.0284
                  77          0.028999999
                  78               0.0262
                  79         0.0080000004
                  80          0.032600001
                  81          0.031199999
                  82          0.026799999
                  83          0.032200001
                  84               0.0568
                  85          0.035999998
                  86          0.040399998
                  87          0.023600001
                  88          0.027799999
                  89               0.0152
                  90          0.015799999
                  91          0.024800001
                  92          0.015799999
                  93          0.032000002
                  94               0.0128
                  95               0.0348
                  96          0.034000002
                  97          0.026000001
                  98               0.0348
                  99               0.0242
                 100               0.0436
                 101          0.032200001
                 102               0.0148
                 103               0.0286
                 104          0.037599999
                 105          0.030200001
                 106          0.046399999
                 107               0.0416
                 108               0.0328
                 109               0.0392
                 110               0.0264
                 111          0.034400001
                 112          0.024599999
                 113          0.042599998
                 114          0.038199998
                 115                0.044
                 116                0.055
                 117          0.020199999
                 118          0.024599999
                 119          0.018200001
                 120               0.0198
                 121          0.033399999
                 122          0.044399999
                 123          0.033599999
                 124               0.0296
                 125          0.019200001
                 126          0.030200001
                 127          0.039000001
                 128          0.038600001
                 129          0.025599999
                 130          0.036400001
                 131          0.028000001
                 132          0.039799999
                 133                0.024
                 134               0.0266
                 135          0.034600001
                 136               0.0416
                 137          0.032000002
                 138          0.036800001
                 139               0.0418
                 140               0.0272
                 141          0.026000001
                 142                0.025
                 143               0.0206
                 144          0.050999999
                 145               0.0458
                 146          0.026000001
                 147               0.0352
                 148          0.032400001
                 149          0.051600002
                 150          0.051800001
                 151               0.0392
                 152               0.0252
                 153                0.025
                 154          0.035999998
                 155         0.0054000001
                 156               0.0288
                 157                0.033
                 158          0.030400001
                 159          0.060199998
                 160          0.041999999
                 161          0.027000001
                 162          0.038400002
                 163               0.0284
                 164         0.0040000002
                 165               0.0264
                 166               0.0306
                 167               0.0154
                 168          0.032600001
                 169                0.037
                 170          0.064400002
                 171          0.062799998
                 172          0.026799999
                 173          0.016000001
                 174          0.021600001
                 175               0.0252
                 176               0.0296
                 177          0.015799999
                 178          0.017200001
                 179               0.0116
                 180          0.025800001
                 181               0.0296
                 182          0.034600001
                 183          0.021400001
                 184                0.014
                 185          0.030999999
                 186               0.0504
                 187               0.0264
                 188          0.032400001
                 189          0.034600001
                 190               0.0136
                 191          0.022399999
                 192                0.023
                 193          0.044799998
                 194          0.035999998
                 195                0.035
                 196          0.028999999
                 197               0.0286
                 198          0.051399998
                 199          0.031199999
                 200          0.028000001
                 201          0.032000002
                 202          0.041999999
                 203          0.023800001
                 204          0.038400002
                 205          0.048999999
                 206          0.039999999
                 207                0.033
                 208          0.032000002
                 209          0.035999998
                 210          0.027799999
                 211          0.026000001
                 212               0.0128
                 213               0.0272
                 214               0.0166
                 215          0.026000001
                 216               0.0074
                 217          0.029999999
                 218          0.027000001
                 219          0.037999999
                 220          0.032400001
                 221               0.0128
                 222               0.0074
                 223         0.0020000001
                 224         0.0062000002
                 225               0.0252
                 226               0.0218
                 227          0.065200001
                 228          0.031199999
                 229          0.045200001
                 230               0.0218
                 231          0.021600001
                 232               0.0308
                 233               0.0306
                 234          0.037999999
                 235          0.046799999
                 236          0.033399999
                 237          0.023399999
                 238               0.0186
                 239          0.042199999
                 240               0.0184
                 241                0.015
                 242          0.042599998
                 243               0.0272
                 244               0.0222
                 245               0.0244
                 246               0.0462
                 247               0.0284
                 248          0.030200001
                 249               0.0218
                 250          0.025800001
                 251          0.039799999
                 252          0.026000001
                 253               0.0232
                 254                0.021
                 255          0.039999999
                 256          0.016000001
                 257          0.017000001
                 258          0.030999999
                 259          0.034000002
                 260          0.037599999
                 261          0.019200001
                 262          0.039000001
                 263               0.0506
                 264          0.024800001
                 265          0.052200001
                 266          0.032000002
                 267               0.0274
                 268               0.0112
                 269               0.0164
                 270               0.0286
                 271          0.033799998
                 272          0.019200001
                 273          0.026799999
                 274          0.046399999
                 275          0.042199999
                 276               0.0274
                 277          0.032400001
                 278          0.028200001
                 279          0.044199999
                 280          0.038800001
                 281          0.027799999
                 282          0.032000002
                 283               0.0266
                 284                0.033
                 285          0.030200001
                 286          0.029999999
                 287          0.031599998
                 288          0.024599999
                 289          0.024800001
                 290          0.017999999
                 291         0.0080000004
                 292          0.031599998
                 293          0.030999999
                 294          0.022399999
                 295          0.035599999
                 296               0.0208
                 297          0.026000001
                 298               0.0306
                 299         0.0086000003
                 300               0.0462
                 301          0.037599999
                 302          0.029999999
                 303                0.033
                 304               0.0438
                 305          0.044799998
                 306          0.061999999
                 307          0.051399998
                 308          0.042199999
                 309          0.051399998
                 310          0.037799999
                 311          0.035399999
                 312          0.019200001
                 313               0.0198
                 314               0.0272
                 315               0.0288
                 316               0.0274
                 317          0.033399999
                 318               0.0286
                 319               0.0286
                 320          0.033199999
                 321         0.0057999999
                 322          0.018999999
                 323               0.0392
                 324          0.018999999
                 325          0.018200001
                 326          0.031199999
                 327          0.021600001
                 328          0.023800001
                 329               0.0252
                 330          0.027000001
                 331          0.047200002
                 332               0.0154
                 333               0.0136
                 334               0.0264
                 335          0.038600001
                 336               0.0052
                 337          0.021400001
                 338               0.0162
                 339               0.0152
                 340               0.0296
                 341               0.0614
                 342                0.035
                 343               0.0414
                 344          0.031399999
                 345          0.021199999
                 346               0.0162
                 347               0.0482
                 348          0.037599999
                 349               0.0284
                 350                0.033
                 351               0.0504
                 352               0.0306
                 353               0.0252
                 354          0.019400001
                 355          0.028999999
                 356          0.051600002
                 357          0.024599999
                 358          0.039999999
                 359         0.0098000001
                 360          0.039999999
                 361          0.023399999
                 362              -0.0018
                 363          0.045000002
                 364               0.0208
                 365          0.038600001
                 366          0.021400001
                 367          0.023800001
                 368          0.025599999
                 369          0.022600001
                 370               0.0184
                 371          0.028000001
                 372               0.0244
                 373          0.029999999
                 374          0.021600001
                 375                0.022
                 376          0.032400001
                 377               0.0348
                 378          0.027799999
                 379          0.064599998
                 380               0.0592
                 381          0.036400001
                 382               0.0262
                 383               0.0178
                 384          0.033799998
                 385          0.036800001
                 386          0.033599999
                 387               0.0118
                 388          0.031199999
                 389               0.0254
                 390               0.0264
                 391               0.0284
                 392                0.015
                 393          0.042399999
                 394                0.066
                 395                0.037
                 396          0.034400001
                 397          0.023399999
                 398         0.0020000001
                 399          0.035799999
                 400          0.022600001
                 401               0.0396
                 402          0.032600001
                 403          0.023800001
                 404          0.016799999
                 405          0.030200001
                 406          0.034400001
                 407               0.0264
                 408          0.030200001
                 409                0.046
                 410               0.0222
                 411               0.0296
                 412          0.040800001
                 413          0.033199999
                 414          0.023800001
                 415               0.0298
                 416               0.0308
                 417          0.023600001
                 418          0.048599999
                 419          0.031199999
                 420          0.020400001
                 421               0.0136
                 422               0.0206
                 423          0.033399999
                 424               0.0242
                 425         0.0093999999
                 426          0.026000001
                 427               0.0294
                 428               0.0188
                 429          0.024800001
                 430               0.0154
                 431                0.035
                 432          0.038400002
                 433                 0.02
                 434               0.0276
                 435          0.039000001
                 436          0.033599999
                 437         0.0048000002
                 438               0.0396
                 439               0.0164
                 440          0.016000001
                 441          0.046399999
                 442          0.047400001
                 443          0.034600001
                 444          0.032000002
                 445               0.0372
                 446                0.021
                 447          0.035399999
                 448          0.017200001
                 449               0.0198
                 450          0.031399999
                 451          0.032000002
                 452          0.031599998
                 453               0.0274
                 454          0.035999998
                 455          0.031599998
                 456          0.028999999
                 457               0.0306
                 458          0.028200001
                 459          0.034000002
                 460          0.027000001
                 461               0.0308
                 462          0.030999999
                 463               0.0288
                 464          0.026799999
                 465               0.0348
                 466               0.0348
                 467          0.025599999
                 468          0.038600001
                 469               0.0528
                 470               0.0572
                 471          0.043200001
                 472         0.0089999996
                 473               0.0288
                 474          0.039799999
                 475               0.0242
                 476          0.036200002
                 477               0.0308
                 478               0.0462
                 479          0.021199999
                 480               0.0284
                 481          0.029200001
                 482          0.052000001
                 483               0.0288
                 484          0.055399999
                 485               0.0306
                 486               0.0206
                 487               0.0298
                 488               0.0308
                 489          0.029999999
                 490               0.0288
                 491          0.026000001
                 492          0.036800001
                 493          0.043200001
                 494               0.0308
                 495          0.036200002
                 496          0.032400001
                 497                0.048
                 498          0.033799998
                 499          0.051399998
                 500               0.0276
                 501                0.035
                 502          0.022600001
                 503          0.031800002
                 504               0.0188
                 505          0.033399999
                 506               0.0104
                 507          0.024599999
                 508               0.0264
                 509                0.044
                 510               0.0104
                 511          0.024800001
                 512         0.0040000002
                 513               0.0252
                 514          0.035799999
                 515          0.035599999
                 516          0.045200001
                 517          0.023399999
                 518          0.021400001
                 519          0.037999999
                 520          0.029200001
                 521               0.0128
                 522          0.046599999
                 523          0.037599999
                 524          0.045000002
                 525          0.063000001
                 526               0.0506
                 527          0.030200001
                 528          0.031199999
                 529          0.034000002
                 530               0.0184
                 531               0.0232
                 532          0.022600001
                 533          0.022399999
                 534               0.0154
                 535          0.052200001
                 536          0.030200001
                 537          0.025800001
                 538          0.039799999
                 539          0.034000002
                 540               0.0114
                 541          0.019200001
                 542               0.0218
                 543               0.0294
                 544          0.047400001
                 545               0.0372
                 546          0.037599999
                 547          0.029200001
                 548               0.0394
                 549          0.044599999
                 550               0.0178
                 551                 0.02
                 552               0.0414
                 553               0.0416
                 554          0.063199997
                 555               0.0306
                 556          0.015799999
                 557               0.0348
                 558          0.074600004
                 559          0.057399999
                 560          0.039999999
                 561          0.032000002
                 562          0.042199999
                 563                0.037
                 564          0.032600001
                 565         0.0068000001
                 566               0.0276
                 567               0.0374
                 568                0.037
                 569          0.028999999
                 570          0.033599999
                 571               0.0294
                 572          0.030200001
                 573               0.0396
                 574               0.0272
                 575          0.030400001
                 576          0.032000002
                 577               0.0548
                 578               0.0416
                 579          0.050999999
                 580          0.034200002
                 581          0.024599999
                 582          0.025800001
                 583               0.0502
                 584          0.025800001
                 585                0.013
                 586               0.0108
                 587                0.035
                 588          0.030999999
                 589          0.028000001
                 590               0.0186
                 591          0.025800001
                 592                0.035
                 593               0.0184
                 594          0.030200001
                 595               0.0104
                 596          0.018200001
                 597               0.0458
                 598          0.034000002
                 599               0.0328
                 600               0.0272
                 601          0.033399999
                 602          0.035999998
                 603               0.0286
                 604          0.028999999
                 605          0.037799999
                 606          0.021400001
                 607          0.019200001
                 608                0.024
                 609          0.028200001
                 610          0.040800001
                 611               0.0184
                 612                0.035
                 613               0.0502
                 614          0.034000002
                 615          0.049600001
                 616          0.032400001
                 617               0.0458
                 618          0.045600001
                 619          0.031199999
                 620          0.053599998
                 621               0.0288
                 622               0.0166
                 623          0.040199999
                 624               0.0218
                 625               0.0526
                 626          0.049400002
                 627               0.0218
                 628          0.031399999
                 629          0.058400001
                 630          0.052000001
                 631               0.0372
                 632               0.0196
                 633               0.0176
                 634               0.0348
                 635                0.011
                 636               0.0016
                 637          0.022600001
                 638               0.0188
                 639               0.0218
                 640               0.0118
                 641          0.034000002
                 642          0.039999999
                 643          0.032000002
                 644          0.033599999
                 645          0.031199999
                 646          0.031599998
                 647          0.035599999
                 648                0.025
                 649               0.0206
                 650          0.027799999
                 651          0.043200001
                 652          0.035999998
                 653          0.038800001
                 654          0.031800002
                 655               0.0188
                 656          0.022399999
                 657          0.029999999
                 658                0.022
                 659          0.040800001
                 660          0.017200001
                 661                0.022
                 662               0.0266
                 663        -0.0057999999
                 664               0.0146
                 665          0.032200001
                 666          0.040600002
                 667         0.0083999997
                 668               0.0284
                 669               0.0374
                 670          0.021400001
                 671               0.0222
                 672          0.034400001
                 673               0.0136
                 674               0.0414
                 675               0.0146
                 676               0.0276
                 677          0.035799999
                 678          0.023399999
                 679               0.0294
                 680               0.0298
                 681          0.016000001
                 682               0.0178
                 683          0.056000002
                 684               0.0594
                 685               0.0526
                 686          0.053599998
                 687          0.037999999
                 688          0.049400002
                 689               0.0418
                 690          0.045200001
                 691                0.037
                 692          0.046599999
                 693               0.0416
                 694          0.030200001
                 695          0.017000001
                 696          0.023600001
                 697          0.047200002
                 698          0.046599999
                 699          0.033399999
                 700               0.0176
                 701          0.033399999
                 702          0.030400001
                 703               0.0328
                 704          0.041200001
                 705                0.035
                 706               0.0274
                 707          0.033599999
                 708          0.033599999
                 709          0.023600001
                 710               0.0484
                 711               0.0166
                 712         0.0041999999
                 713          0.032400001
                 714          0.019200001
                 715          0.050999999
                 716          0.030999999
                 717               0.0298
                 718          0.032200001
                 719          0.037799999
                 720               0.0218
                 721               0.0222
                 722                0.012
                 723                0.021
                 724                0.023
                 725          0.015799999
                 726          0.030999999
                 727               0.0106
                 728               0.0244
                 729          0.029200001
                 730          0.021400001
                 731          0.060800001
                 732               0.0414
                 733          0.047800001
                 734          0.027799999
                 735         0.0093999999
                 736               0.0284
                 737          0.044199999
                 738          0.037599999
                 739          0.033599999
                 740          0.017000001
                 741               0.0122
                 742          0.023399999
                 743          0.043200001
                 744          0.025599999
                 745                0.044
                 746          0.055599999
                 747          0.037999999
                 748          0.038800001
                 749               0.0502
                 750               0.0262
                 751                 0.02
                 752          0.044599999
                 753          0.021600001
                 754          0.035999998
                 755          0.038400002
                 756                0.033
                 757          0.062199999
                 758          0.031800002
                 759               0.0102
                 760               0.0274
                 761          0.048799999
                 762               0.0154
                 763          0.019400001
                 764          0.048999999
                 765          0.055199999
                 766               0.0506
                 767                0.023
                 768          0.044199999
                 769          0.034400001
                 770          0.037999999
                 771          0.039799999
                 772          0.024800001
                 773          0.031599998
                 774          0.040800001
                 775          0.029999999
                 776          0.030400001
                 777               0.0328
                 778         0.0057999999
                 779                0.033
                 780          0.025800001
                 781          0.068400003
                 782          0.049800001
                 783          0.031399999
                 784               0.0288
                 785          0.033799998
                 786         0.0027999999
                 787          0.036200002
                 788          0.026000001
                 789               0.0242
                 790          0.040800001
                 791          0.031199999
                 792         0.0077999998
                 793          0.019400001
                 794               0.0162
                 795               0.0102
                 796          0.034400001
                 797          0.038199998
                 798         0.0099999998
                 799               0.0218
                 800          0.021600001
                 801               0.0254
                 802          0.022399999
                 803                0.025
                 804                0.037
                 805          0.033599999
                 806               0.0208
                 807               0.0504
                 808               0.0394
                 809          0.028000001
                 810          0.023600001
                 811               0.0296
                 812          0.040800001
                 813          0.071000002
                 814          0.064199999
                 815          0.050799999
                 816          0.044599999
                 817          0.054400001
                 818          0.017999999
                 819          0.036200002
                 820          0.032200001
                 821          0.037999999
                 822               0.0288
                 823               0.0176
                 824               0.0284
                 825          0.037599999
                 826          0.026000001
                 827         0.0080000004
                 828               0.0186
                 829          0.050999999
                 830               0.0276
                 831               0.0288
                 832          0.051600002
                 833          0.044599999
                 834                0.021
                 835          0.046599999
                 836          0.039999999
                 837          0.042199999
                 838                0.035
                 839          0.035399999
                 840          0.038400002
                 841          0.023399999
                 842               0.0284
                 843          0.031800002
                 844          0.042199999
                 845               0.0352
                 846          0.024599999
                 847          0.054000001
                 848          0.024800001
                 849          0.041200001
                 850          0.021600001
                 851          0.034400001
                 852         0.0098000001
                 853               0.0228
                 854               0.0374
                 855               0.0418
                 856               0.0484
                 857          0.049199998
                 858          0.041200001
                 859               0.0394
                 860               0.0288
                 861          0.028999999
                 862          0.053199999
                 863          0.040600002
                 864          0.036400001
                 865          0.020400001
                 866               0.0254
                 867               0.0252
                 868          0.017000001
                 869               0.0198
                 870          0.027799999
                 871                0.024
                 872               0.0178
                 873          0.033599999
                 874          0.033199999
                 875                0.023
                 876         0.0049999999
                 877               0.0262
                 878          0.035599999
                 879          0.036800001
                 880               0.0132
                 881               0.0134
                 882               0.0206
                 883          0.027000001
                 884                0.023
                 885          0.018999999
                 886                0.025
                 887          0.037599999
                 888          0.041200001
                 889               0.0328
                 890               0.0252
                 891               0.0438
                 892               0.0272
                 893          0.040399998
                 894          0.038199998
                 895          0.043200001
                 896               0.0272
                 897          0.047800001
                 898          0.059599999
                 899          0.033399999
                 900          0.035799999
                 901               0.0306
                 902                0.037
                 903          0.041200001
                 904          0.034000002
                 905               0.0154
                 906          0.036200002
                 907               0.0284
                 908               0.0164
                 909          0.030400001
                 910          0.020400001
                 911          0.027799999
                 912               0.0186
                 913               0.0082
                 914          0.036800001
                 915          0.043400001
                 916          0.051600002
                 917          0.020400001
                 918         0.0077999998
                 919          0.040199999
                 920          0.030200001
                 921          0.020199999
                 922          0.020199999
                 923          0.038400002
                 924          0.042399999
                 925               0.0484
                 926          0.021600001
                 927          0.053199999
                 928          0.036600001
                 929          0.034600001
                 930          0.024800001
                 931          0.035599999
                 932         0.0060000001
                 933          0.035799999
                 934          0.051800001
                 935               0.0272
                 936          0.042800002
                 937               0.0124
                 938               0.0178
                 939          0.043000001
                 940               0.0136
                 941          0.028200001
                 942               0.0414
                 943          0.038600001
                 944               0.0082
                 945          0.047600001
                 946          0.029999999
                 947          0.019400001
                 948          0.029999999
                 949               0.0134
                 950          0.017999999
                 951               0.0142
                 952                0.033
                 953          0.032000002
                 954               0.0394
                 955                0.033
                 956          0.020400001
                 957               0.0242
                 958               0.0184
                 959               0.0414
                 960                0.059
                 961          0.021400001
                 962               0.0296
                 963          0.021600001
                 964               0.0146
                 965              -0.0066
                 966               0.0132
                 967          0.017200001
                 968          0.016799999
                 969                0.021
                 970               0.0144
                 971          0.031199999
                 972          0.033799998
                 973          0.056200001
                 974          0.041999999
                 975          0.039999999
                 976        -0.0031999999
                 977          0.027000001
                 978          0.028999999
                 979          0.035399999
                 980          0.032400001
                 981               0.0396
                 982          0.047800001
                 983          0.041000001
                 984          0.037599999
                 985               0.0232
                 986               0.0462
                 987               0.0264
                 988          0.049600001
                 989          0.042199999
                 990          0.039999999
                 991          0.035399999
                 992               0.0288
                 993          0.042199999
                 994          0.037999999
                 995          0.045400001
                 996               0.0436
                 997          0.039000001
                 998         0.0054000001
                 999               0.0222
                1000          0.018999999
