                   1                 0.02
                   2          0.039999999
                   3          0.059999999
                   4         -0.039999999
                   5                 -0.2
                   6           0.25999999
                   7                    0
                   8                -0.12
                   9                -0.14
                  10                  0.1
                  11                 0.12
                  12          0.059999999
                  13          0.079999998
                  14          -0.18000001
                  15                 0.44
                  16           0.31999999
                  17          0.039999999
                  18                 0.22
                  19          0.059999999
                  20                -0.28
                  21                -0.16
                  22                -0.16
                  23                 -0.1
                  24          0.079999998
                  25                 0.02
                  26                -0.14
                  27                 -0.1
                  28                -0.14
                  29                 0.02
                  30                 -0.1
                  31          0.079999998
                  32                -0.02
                  33                -0.02
                  34         -0.079999998
                  35                    0
                  36          0.039999999
                  37                -0.14
                  38           0.18000001
                  39                 0.12
                  40          0.039999999
                  41                  0.1
                  42                    0
                  43                -0.12
                  44                  0.1
                  45          0.039999999
                  46                -0.16
                  47          0.039999999
                  48                 -0.1
                  49                 0.16
                  50                 -0.1
                  51                 0.02
                  52                -0.02
                  53          0.039999999
                  54                 0.12
                  55                 0.22
                  56          0.059999999
                  57                  0.2
                  58                  0.2
                  59                 0.22
                  60           0.25999999
                  61                 0.14
                  62          0.059999999
                  63                -0.02
                  64          0.059999999
                  65                 0.12
                  66                 0.14
                  67         -0.039999999
                  68                 0.12
                  69                  0.1
                  70                 0.22
                  71          0.059999999
                  72                -0.02
                  73         -0.059999999
                  74                 0.02
                  75                 0.12
                  76                 0.28
                  77           0.25999999
                  78                 0.44
                  79           0.23999999
                  80          0.039999999
                  81          0.079999998
                  82                 0.16
                  83                  0.1
                  84          0.059999999
                  85                -0.02
                  86                -0.22
                  87                 0.02
                  88                -0.12
                  89          0.079999998
                  90         -0.039999999
                  91         -0.059999999
                  92          0.059999999
                  93                    0
                  94          0.039999999
                  95                 0.02
                  96          0.039999999
                  97          0.039999999
                  98          0.059999999
                  99          0.079999998
                 100                 0.02
                 101                 0.14
                 102           0.25999999
                 103                -0.02
                 104                -0.16
                 105                -0.22
                 106         -0.039999999
                 107                  0.1
                 108                    0
                 109                 0.02
                 110                 0.12
                 111                 0.14
                 112                 0.34
                 113           0.23999999
                 114          0.039999999
                 115                  0.1
                 116                 0.16
                 117                 0.02
                 118                 0.02
                 119          0.079999998
                 120                 0.22
                 121          0.059999999
                 122                  0.1
                 123                 0.14
                 124          0.039999999
                 125         -0.079999998
                 126                 0.12
                 127         -0.059999999
                 128                 0.16
                 129          0.039999999
                 130          0.059999999
                 131                 -0.1
                 132         -0.059999999
                 133                    0
                 134                -0.02
                 135           0.23999999
                 136           0.18000001
                 137          0.059999999
                 138          0.079999998
                 139         -0.039999999
                 140                -0.02
                 141         -0.039999999
                 142                 0.02
                 143         -0.059999999
                 144                 0.28
                 145         -0.039999999
                 146           0.23999999
                 147                -0.12
                 148          -0.18000001
                 149          -0.36000001
                 150                 -0.1
                 151                -0.16
                 152         -0.059999999
                 153                -0.02
                 154          0.039999999
                 155                -0.02
                 156                -0.02
                 157          0.079999998
                 158         -0.079999998
                 159          0.059999999
                 160                 0.12
                 161           0.18000001
                 162                  0.2
                 163                  0.1
                 164           0.18000001
                 165                    0
                 166           0.25999999
                 167                 0.02
                 168                  0.1
                 169          0.059999999
                 170         -0.039999999
                 171                 -0.2
                 172                 -0.1
                 173          0.079999998
                 174                    0
                 175          0.039999999
                 176                 0.14
                 177         -0.059999999
                 178                -0.02
                 179         -0.039999999
                 180                 0.34
                 181          0.039999999
                 182                    0
                 183                  0.1
                 184                -0.22
                 185                    0
                 186          0.059999999
                 187          0.079999998
                 188          0.079999998
                 189                -0.02
                 190         -0.039999999
                 191                  0.1
                 192                  0.2
                 193                    0
                 194                -0.12
                 195                -0.14
                 196                  0.1
                 197                  0.1
                 198                -0.02
                 199                -0.12
                 200                 0.12
                 201                 0.14
                 202                  0.2
                 203                  0.1
                 204                 0.02
                 205          0.039999999
                 206         -0.039999999
                 207                -0.14
                 208                 0.12
                 209                 0.02
                 210                 0.22
                 211          0.039999999
                 212                 0.02
                 213          0.039999999
                 214         -0.059999999
                 215          0.079999998
                 216                 -0.2
                 217                 0.12
                 218          0.079999998
                 219          -0.23999999
                 220                 -0.1
                 221                -0.12
                 222                -0.14
                 223                 0.02
                 224                 0.12
                 225         -0.059999999
                 226         -0.079999998
                 227                 0.22
                 228                -0.02
                 229                 0.28
                 230                 0.16
                 231           0.23999999
                 232                    0
                 233                 0.02
                 234           0.25999999
                 235                  0.1
                 236         -0.079999998
                 237          0.039999999
                 238                 0.16
                 239                  0.1
                 240          0.059999999
                 241                    0
                 242                 0.16
                 243          0.079999998
                 244                -0.14
                 245           0.18000001
                 246                  0.2
                 247                -0.02
                 248          0.079999998
                 249         -0.039999999
                 250                 -0.2
                 251                -0.02
                 252          0.059999999
                 253         -0.079999998
                 254          0.059999999
                 255                    0
                 256          0.059999999
                 257                -0.02
                 258                -0.12
                 259                -0.22
                 260                -0.12
                 261                 0.12
                 262          0.039999999
                 263         -0.079999998
                 264          0.059999999
                 265                -0.14
                 266          0.079999998
                 267           0.25999999
                 268           0.18000001
                 269           0.23999999
                 270                 0.34
                 271                -0.02
                 272          0.059999999
                 273                    0
                 274                -0.02
                 275                -0.02
                 276                 0.12
                 277          -0.18000001
                 278                -0.14
                 279                  0.1
                 280                  0.1
                 281           0.18000001
                 282         -0.079999998
                 283                 0.16
                 284          0.059999999
                 285           0.23999999
                 286                 0.12
                 287                    0
                 288                 0.16
                 289                 0.28
                 290          0.039999999
                 291                    0
                 292                  0.2
                 293         -0.079999998
                 294                -0.16
                 295          0.059999999
                 296                  0.2
                 297                    0
                 298          0.079999998
                 299          0.059999999
                 300          -0.18000001
                 301                 0.02
                 302          0.059999999
                 303          0.079999998
                 304          0.059999999
                 305                -0.14
                 306                 0.02
                 307                 0.12
                 308                -0.02
                 309                -0.14
                 310                -0.16
                 311          0.039999999
                 312          0.039999999
                 313          0.039999999
                 314          0.059999999
                 315                    0
                 316                -0.02
                 317                 0.16
                 318           0.18000001
                 319                  0.1
                 320          0.059999999
                 321                 0.14
                 322          0.079999998
                 323          -0.23999999
                 324         -0.059999999
                 325                 -0.1
                 326          -0.18000001
                 327                 -0.1
                 328          0.059999999
                 329          -0.18000001
                 330         -0.059999999
                 331                -0.12
                 332          0.079999998
                 333         -0.039999999
                 334           0.18000001
                 335                 0.02
                 336                 -0.2
                 337                 -0.1
                 338                -0.02
                 339           0.23999999
                 340          0.059999999
                 341         -0.039999999
                 342                 0.12
                 343                -0.14
                 344                  0.2
                 345                  0.1
                 346          0.039999999
                 347                 0.02
                 348          0.059999999
                 349          0.059999999
                 350         -0.039999999
                 351          0.039999999
                 352                    0
                 353                 0.14
                 354           0.25999999
                 355                 0.12
                 356         -0.079999998
                 357                 0.12
                 358                -0.12
                 359                    0
                 360                -0.16
                 361                    0
                 362         -0.039999999
                 363         -0.079999998
                 364         -0.039999999
                 365                -0.14
                 366          0.079999998
                 367         -0.059999999
                 368         -0.079999998
                 369          0.059999999
                 370                  0.1
                 371          0.079999998
                 372                 0.14
                 373          0.039999999
                 374                 0.12
                 375                -0.02
                 376                 0.02
                 377                -0.02
                 378                -0.02
                 379                 0.02
                 380                -0.28
                 381                 0.14
                 382         -0.039999999
                 383                -0.16
                 384                  0.1
                 385                 0.14
                 386         -0.059999999
                 387          0.079999998
                 388                    0
                 389                 0.16
                 390                    0
                 391                -0.14
                 392                    0
                 393          0.059999999
                 394                  0.1
                 395                 0.02
                 396          0.039999999
                 397          0.059999999
                 398                -0.28
                 399                    0
                 400         -0.039999999
                 401                  0.2
                 402         -0.039999999
                 403                 0.12
                 404                 0.16
                 405          0.059999999
                 406           0.25999999
                 407          0.039999999
                 408           0.30000001
                 409         -0.039999999
                 410         -0.059999999
                 411                    0
                 412                 -0.1
                 413                -0.12
                 414                  0.1
                 415                -0.02
                 416                -0.14
                 417                  0.2
                 418           0.18000001
                 419                 0.12
                 420                  0.1
                 421                 0.02
                 422                 -0.2
                 423         -0.039999999
                 424           0.18000001
                 425           0.25999999
                 426                  0.2
                 427          0.079999998
                 428                 0.28
                 429          0.059999999
                 430          0.059999999
                 431                    0
                 432                 -0.1
                 433                 0.14
                 434                 0.02
                 435         -0.059999999
                 436                  0.1
                 437                  0.1
                 438                  0.1
                 439                 0.28
                 440                 0.22
                 441          0.039999999
                 442                 0.28
                 443         -0.059999999
                 444                 0.14
                 445                    0
                 446          -0.30000001
                 447                -0.02
                 448           0.23999999
                 449           0.23999999
                 450         -0.039999999
                 451                -0.02
                 452                 -0.2
                 453                 -0.2
                 454         -0.059999999
                 455                 0.02
                 456                  0.1
                 457          0.079999998
                 458          0.059999999
                 459          0.079999998
                 460          0.059999999
                 461         -0.059999999
                 462                 0.02
                 463         -0.079999998
                 464          0.039999999
                 465                 0.34
                 466           0.23999999
                 467          0.059999999
                 468                  0.1
                 469          0.059999999
                 470          0.039999999
                 471         -0.059999999
                 472         -0.039999999
                 473                  0.1
                 474                 0.22
                 475          0.059999999
                 476          0.059999999
                 477                    0
                 478                 -0.1
                 479                  0.1
                 480                  0.2
                 481                  0.1
                 482         -0.059999999
                 483                 0.12
                 484                 0.12
                 485          0.059999999
                 486          0.059999999
                 487                -0.14
                 488                 -0.1
                 489                  0.1
                 490         -0.079999998
                 491          0.079999998
                 492                -0.16
                 493                 -0.1
                 494           0.18000001
                 495                 0.14
                 496                  0.1
                 497                    0
                 498                -0.02
                 499         -0.039999999
                 500          0.039999999
                 501         -0.039999999
                 502                    0
                 503          0.039999999
                 504          0.059999999
                 505                  0.1
                 506          -0.18000001
                 507                 0.14
                 508          0.079999998
                 509           0.23999999
                 510          0.039999999
                 511          0.039999999
                 512          0.079999998
                 513                -0.12
                 514                -0.14
                 515                 0.12
                 516                    0
                 517                -0.12
                 518         -0.059999999
                 519                 -0.1
                 520                 0.12
                 521          0.039999999
                 522           0.30000001
                 523          0.059999999
                 524                 0.02
                 525          -0.25999999
                 526          0.059999999
                 527         -0.039999999
                 528                 0.02
                 529                 0.12
                 530                  0.2
                 531                 0.14
                 532         -0.039999999
                 533                -0.02
                 534          -0.18000001
                 535         -0.059999999
                 536                    0
                 537          0.079999998
                 538          0.059999999
                 539                 0.16
                 540                 -0.2
                 541         -0.059999999
                 542                -0.12
                 543         -0.039999999
                 544           0.18000001
                 545                    0
                 546                 0.28
                 547                 -0.1
                 548                  0.1
                 549                -0.14
                 550         -0.039999999
                 551                -0.02
                 552                -0.02
                 553                 0.02
                 554                 0.16
                 555         -0.039999999
                 556                  0.1
                 557                  0.1
                 558                    0
                 559                -0.02
                 560                 0.12
                 561          0.059999999
                 562           0.23999999
                 563                 0.14
                 564                 0.16
                 565                 -0.1
                 566                 0.02
                 567                 -0.1
                 568                -0.02
                 569                -0.16
                 570          0.059999999
                 571                 -0.2
                 572                 0.12
                 573         -0.059999999
                 574                -0.02
                 575                -0.02
                 576          0.079999998
                 577                 0.14
                 578          0.079999998
                 579                -0.12
                 580                  0.1
                 581         -0.039999999
                 582         -0.079999998
                 583                 -0.2
                 584         -0.039999999
                 585          -0.23999999
                 586          0.059999999
                 587                 0.12
                 588                    0
                 589                -0.14
                 590          0.039999999
                 591         -0.079999998
                 592                 0.02
                 593          -0.18000001
                 594                 0.12
                 595                 0.22
                 596                 0.16
                 597          0.059999999
                 598                 0.14
                 599         -0.039999999
                 600          0.039999999
                 601           0.18000001
                 602         -0.039999999
                 603                 0.02
                 604                 0.02
                 605          0.039999999
                 606                 0.02
                 607         -0.079999998
                 608                 0.02
                 609                 0.02
                 610         -0.059999999
                 611                 0.14
                 612                  0.2
                 613                 0.14
                 614                  0.1
                 615          0.039999999
                 616                 0.22
                 617         -0.079999998
                 618         -0.059999999
                 619                -0.12
                 620                 0.28
                 621                  0.1
                 622                 0.12
                 623         -0.039999999
                 624          0.079999998
                 625                 0.02
                 626                -0.12
                 627                -0.12
                 628                -0.14
                 629           0.23999999
                 630                 0.22
                 631          0.079999998
                 632                  0.2
                 633          0.039999999
                 634                 0.02
                 635         -0.079999998
                 636                    0
                 637          0.059999999
                 638                -0.02
                 639          0.059999999
                 640           0.18000001
                 641                 0.12
                 642                 0.02
                 643         -0.039999999
                 644                  0.2
                 645                 0.16
                 646                    0
                 647         -0.039999999
                 648         -0.039999999
                 649                 0.02
                 650          0.059999999
                 651                 0.16
                 652         -0.039999999
                 653         -0.059999999
                 654          0.079999998
                 655           0.18000001
                 656          0.059999999
                 657                  0.2
                 658                 0.02
                 659                  0.2
                 660                 0.22
                 661                  0.1
                 662           0.18000001
                 663                    0
                 664           0.18000001
                 665          0.039999999
                 666          0.059999999
                 667                    0
                 668                  0.1
                 669                 0.28
                 670                    0
                 671          0.039999999
                 672           0.25999999
                 673           0.31999999
                 674           0.23999999
                 675           0.25999999
                 676                    0
                 677                 0.02
                 678                 0.12
                 679                -0.16
                 680                -0.12
                 681                -0.14
                 682                 0.12
                 683                  0.2
                 684                -0.02
                 685         -0.059999999
                 686           0.18000001
                 687          -0.18000001
                 688                -0.14
                 689                    0
                 690         -0.039999999
                 691                -0.16
                 692          0.059999999
                 693                 -0.1
                 694           0.18000001
                 695                    0
                 696          -0.18000001
                 697                 0.12
                 698           0.18000001
                 699          0.059999999
                 700          0.079999998
                 701          0.059999999
                 702         -0.059999999
                 703                 0.14
                 704                 0.14
                 705           0.18000001
                 706                  0.2
                 707                  0.1
                 708         -0.079999998
                 709                -0.12
                 710                    0
                 711         -0.039999999
                 712         -0.039999999
                 713                  0.2
                 714                 0.16
                 715         -0.059999999
                 716          -0.18000001
                 717         -0.059999999
                 718                 -0.1
                 719                 -0.1
                 720                  0.1
                 721          0.039999999
                 722                 0.22
                 723          0.079999998
                 724         -0.059999999
                 725          0.039999999
                 726                -0.16
                 727         -0.039999999
                 728          0.059999999
                 729                    0
                 730                    0
                 731                  0.1
                 732                    0
                 733                  0.1
                 734          0.059999999
                 735                -0.12
                 736          -0.18000001
                 737                 -0.2
                 738         -0.079999998
                 739                    0
                 740                    0
                 741         -0.039999999
                 742                 0.12
                 743         -0.079999998
                 744                -0.12
                 745         -0.079999998
                 746                  0.2
                 747                 0.14
                 748                -0.22
                 749                 0.14
                 750                    0
                 751                -0.02
                 752                -0.02
                 753                 -0.1
                 754          0.059999999
                 755                 0.16
                 756                 0.14
                 757                 -0.1
                 758                 0.16
                 759          0.059999999
                 760          -0.25999999
                 761           0.18000001
                 762                 0.02
                 763                -0.02
                 764           0.18000001
                 765          -0.25999999
                 766                  0.1
                 767                  0.2
                 768          0.079999998
                 769           0.25999999
                 770           0.23999999
                 771                  0.2
                 772                 0.02
                 773          0.059999999
                 774          0.039999999
                 775                 0.12
                 776                -0.02
                 777          0.039999999
                 778                    0
                 779                 0.22
                 780                 0.16
                 781          0.079999998
                 782                -0.12
                 783         -0.059999999
                 784                 -0.1
                 785                 -0.1
                 786         -0.039999999
                 787          0.039999999
                 788                 0.16
                 789                 0.12
                 790         -0.039999999
                 791          -0.30000001
                 792                 -0.1
                 793                 0.12
                 794          0.079999998
                 795          0.079999998
                 796                -0.02
                 797                 0.12
                 798                    0
                 799           0.36000001
                 800                    0
                 801                -0.02
                 802         -0.059999999
                 803          0.039999999
                 804         -0.039999999
                 805                -0.16
                 806                 -0.2
                 807                    0
                 808                 0.14
                 809                 0.16
                 810                  0.2
                 811         -0.059999999
                 812          0.079999998
                 813                  0.2
                 814                 0.34
                 815          0.059999999
                 816         -0.059999999
                 817         -0.039999999
                 818          0.079999998
                 819                -0.12
                 820          0.079999998
                 821         -0.039999999
                 822                 0.02
                 823                -0.14
                 824                 0.14
                 825           0.23999999
                 826                 0.02
                 827         -0.079999998
                 828                  0.1
                 829                  0.2
                 830         -0.039999999
                 831                    0
                 832                -0.02
                 833                  0.1
                 834                -0.02
                 835                -0.02
                 836                 0.12
                 837          0.059999999
                 838          0.059999999
                 839          0.079999998
                 840           0.23999999
                 841                 0.28
                 842           0.25999999
                 843                 0.16
                 844         -0.039999999
                 845          0.059999999
                 846                    0
                 847           0.18000001
                 848                 0.14
                 849                -0.12
                 850                -0.02
                 851          0.079999998
                 852                 0.16
                 853          0.079999998
                 854                -0.12
                 855         -0.079999998
                 856         -0.059999999
                 857          0.039999999
                 858         -0.039999999
                 859                    0
                 860         -0.079999998
                 861                    0
                 862         -0.059999999
                 863                -0.02
                 864          0.059999999
                 865                 0.02
                 866          0.079999998
                 867                 0.12
                 868          0.039999999
                 869         -0.039999999
                 870                 0.02
                 871         -0.079999998
                 872          0.079999998
                 873                 0.14
                 874                 0.12
                 875                 0.02
                 876                -0.12
                 877                 0.02
                 878          0.079999998
                 879                 0.22
                 880                    0
                 881                  0.1
                 882                -0.02
                 883           0.23999999
                 884                 0.12
                 885                 0.22
                 886                 0.02
                 887                 -0.1
                 888         -0.059999999
                 889                 0.02
                 890         -0.079999998
                 891                  0.1
                 892          0.079999998
                 893                -0.02
                 894                -0.14
                 895                -0.22
                 896         -0.059999999
                 897                -0.12
                 898          0.079999998
                 899                 0.16
                 900           0.25999999
                 901          0.039999999
                 902                -0.02
                 903                  0.1
                 904          0.059999999
                 905                 0.14
                 906                -0.02
                 907                    0
                 908         -0.079999998
                 909          0.039999999
                 910           0.18000001
                 911         -0.059999999
                 912                -0.02
                 913                  0.1
                 914                 0.14
                 915          0.059999999
                 916                -0.16
                 917                 -0.1
                 918           0.23999999
                 919         -0.079999998
                 920          0.059999999
                 921          0.039999999
                 922          0.059999999
                 923         -0.079999998
                 924          0.059999999
                 925         -0.039999999
                 926          -0.25999999
                 927          -0.18000001
                 928                 0.14
                 929                -0.02
                 930                -0.12
                 931         -0.039999999
                 932                 0.38
                 933          0.059999999
                 934         -0.059999999
                 935          0.059999999
                 936                 0.02
                 937         -0.059999999
                 938                 -0.1
                 939         -0.039999999
                 940                 -0.1
                 941                    0
                 942                 0.12
                 943                 0.12
                 944                 0.22
                 945         -0.039999999
                 946                -0.22
                 947                -0.22
                 948         -0.039999999
                 949         -0.079999998
                 950                 0.02
                 951          -0.18000001
                 952         -0.059999999
                 953                 0.02
                 954         -0.059999999
                 955                 0.16
                 956                -0.14
                 957                -0.14
                 958          0.039999999
                 959                 -0.1
                 960          -0.18000001
                 961          0.039999999
                 962          0.059999999
                 963                -0.12
                 964         -0.039999999
                 965         -0.039999999
                 966                 0.02
                 967         -0.039999999
                 968         -0.059999999
                 969         -0.059999999
                 970                    0
                 971                 0.02
                 972                 0.02
                 973                -0.02
                 974                -0.16
                 975                -0.12
                 976                -0.34
                 977                -0.02
                 978                 0.02
                 979                -0.12
                 980                -0.02
                 981                 0.16
                 982                 0.16
                 983                 0.34
                 984                 0.02
                 985         -0.059999999
                 986                 0.02
                 987                 -0.1
                 988                    0
                 989                 0.14
                 990         -0.079999998
                 991                 0.14
                 992                 0.16
                 993                 0.16
                 994         -0.079999998
                 995          -0.18000001
                 996          0.039999999
                 997                 0.22
                 998                -0.02
                 999                    0
                1000                -0.02
