                   1          0.029704001
                   2          0.029944001
                   3             0.029832
                   4          0.030648001
                   5          0.032623999
                   6          0.031768002
                   7          0.034352001
                   8          0.032368001
                   9          0.035192002
                  10          0.034263998
                  11             0.030784
                  12          0.033815999
                  13          0.035039999
                  14             0.037184
                  15          0.031695999
                  16          0.030223999
                  17             0.027408
                  18          0.028031999
                  19             0.027136
                  20          0.033968002
                  21          0.034991998
                  22          0.031447999
                  23             0.029648
                  24          0.032671999
                  25             0.033776
                  26          0.035904001
                  27          0.030688001
                  28          0.031399999
                  29          0.030680001
                  30          0.027968001
                  31              0.03056
                  32             0.036704
                  33             0.032816
                  34          0.031936001
                  35          0.033351999
                  36          0.032912001
                  37          0.032848001
                  38          0.034152001
                  39          0.036768001
                  40          0.032232001
                  41          0.030904001
                  42          0.036896002
                  43             0.028824
                  44             0.030376
                  45          0.029712001
                  46              0.03128
                  47          0.032423999
                  48          0.033936001
                  49             0.026728
                  50          0.031647999
                  51          0.031152001
                  52          0.033144001
                  53             0.033744
                  54          0.027512001
                  55              0.03136
                  56          0.032152001
                  57             0.026864
                  58             0.029136
                  59          0.032191999
                  60          0.027799999
                  61          0.034871999
                  62             0.031064
                  63          0.031847998
                  64             0.029056
                  65          0.030215999
                  66          0.029975999
                  67             0.029888
                  68          0.029967999
                  69              0.03104
                  70          0.032232001
                  71             0.035432
                  72              0.03084
                  73          0.037103999
                  74          0.037016001
                  75             0.033032
                  76          0.032232001
                  77          0.028767999
                  78             0.031344
                  79             0.033064
                  80          0.035551999
                  81          0.033415999
                  82              0.02616
                  83          0.032143999
                  84             0.029816
                  85             0.034472
                  86          0.034120001
                  87             0.035944
                  88             0.035168
                  89          0.033640001
                  90          0.031640001
                  91             0.033792
                  92          0.033799998
                  93             0.030824
                  94             0.031064
                  95             0.029088
                  96          0.029239999
                  97          0.032095999
                  98          0.033904001
                  99              0.02964
                 100             0.029576
                 101             0.031376
                 102             0.030848
                 103          0.031272002
                 104              0.03056
                 105          0.033911999
                 106          0.035007998
                 107          0.031207999
                 108          0.031215999
                 109          0.034047998
                 110              0.03424
                 111             0.034208
                 112                0.035
                 113          0.030912001
                 114          0.028511999
                 115             0.030608
                 116              0.02884
                 117          0.032079998
                 118             0.033976
                 119          0.032480001
                 120          0.029767999
                 121          0.030495999
                 122              0.03032
                 123          0.036295999
                 124          0.029263999
                 125          0.034960002
                 126          0.034127999
                 127             0.033312
                 128              0.03032
                 129          0.029279999
                 130          0.031399999
                 131          0.033583999
                 132          0.032368001
                 133          0.031408001
                 134          0.032327998
                 135          0.030896001
                 136          0.033984002
                 137          0.032375999
                 138             0.031824
                 139              0.02932
                 140          0.031599998
                 141             0.034552
                 142             0.034768
                 143          0.033504002
                 144          0.034375999
                 145          0.027016001
                 146          0.031288002
                 147          0.033847999
                 148          0.032407999
                 149          0.032207999
                 150             0.032104
                 151             0.032536
                 152          0.034247998
                 153               0.0328
                 154             0.027216
                 155          0.027775999
                 156             0.027936
                 157              0.02744
                 158          0.031479999
                 159             0.030392
                 160          0.029960001
                 161          0.028551999
                 162          0.029279999
                 163          0.032439999
                 164          0.028295999
                 165          0.030967999
                 166             0.025728
                 167             0.027408
                 168             0.031264
                 169          0.032776002
                 170          0.029743999
                 171          0.032047998
                 172             0.030136
                 173          0.025288001
                 174          0.030440001
                 175               0.0298
                 176          0.035863999
                 177          0.028791999
                 178          0.026831999
                 179             0.033728
                 180          0.032712001
                 181          0.033135999
                 182          0.029039999
                 183             0.030592
                 184             0.028824
                 185          0.032696001
                 186             0.027672
                 187          0.034584001
                 188             0.036024
                 189          0.034591999
                 190          0.032600001
                 191             0.032552
                 192          0.034000002
                 193          0.032439999
                 194          0.033240002
                 195          0.035624001
                 196          0.031184001
                 197             0.031792
                 198          0.027527999
                 199              0.02496
                 200              0.02816
                 201          0.029975999
                 202          0.031367999
                 203             0.027912
                 204             0.028336
                 205             0.029096
                 206          0.031736001
                 207          0.033392001
                 208          0.033831999
                 209          0.034584001
                 210          0.036527999
                 211             0.033776
                 212          0.029224001
                 213          0.031768002
                 214          0.030888001
                 215             0.030088
                 216             0.029904
                 217             0.033216
                 218          0.029487999
                 219             0.031056
                 220          0.030208001
                 221             0.028896
                 222          0.030751999
                 223          0.031952001
                 224             0.028584
                 225             0.029816
                 226          0.032327998
                 227               0.0328
                 228          0.031288002
                 229          0.032391999
                 230          0.030263999
                 231          0.032512002
                 232          0.035879999
                 233          0.032175999
                 234          0.032687999
                 235          0.031927999
                 236             0.034024
                 237             0.031104
                 238          0.030688001
                 239              0.03064
                 240             0.036656
                 241             0.029888
                 242             0.034784
                 243             0.032584
                 244          0.026976001
                 245             0.025632
                 246          0.026768001
                 247          0.030015999
                 248             0.034056
                 249          0.031752001
                 250             0.030824
                 251             0.030136
                 252          0.027760001
                 253             0.028168
                 254             0.030296
                 255          0.034232002
                 256          0.032311998
                 257             0.032352
                 258          0.029920001
                 259          0.033071999
                 260          0.034359999
                 261             0.033248
                 262          0.037287999
                 263             0.034024
                 264          0.029928001
                 265          0.025599999
                 266          0.028023999
                 267          0.029960001
                 268             0.031008
                 269          0.026351999
                 270             0.029376
                 271          0.031863999
                 272          0.032728001
                 273          0.034584001
                 274          0.029472001
                 275          0.032359999
                 276          0.031640001
                 277             0.033696
                 278          0.034391999
                 279          0.031447999
                 280             0.035712
                 281          0.034960002
                 282          0.029039999
                 283             0.029816
                 284          0.029720001
                 285             0.030616
                 286              0.02688
                 287              0.02956
                 288          0.032559998
                 289          0.034143999
                 290          0.028791999
                 291             0.028376
                 292          0.031304002
                 293          0.033303998
                 294          0.034095999
                 295          0.031847998
                 296          0.033192001
                 297             0.031808
                 298             0.034256
                 299          0.030479999
                 300          0.034311999
                 301              0.02932
                 302          0.033023998
                 303          0.034111999
                 304             0.027888
                 305          0.030648001
                 306          0.030247999
                 307          0.033592001
                 308          0.033119999
                 309             0.034288
                 310          0.027504001
                 311             0.029872
                 312              0.03308
                 313          0.029960001
                 314          0.031184001
                 315          0.031904001
                 316          0.034743998
                 317             0.035912
                 318             0.032552
                 319             0.032488
                 320          0.027775999
                 321          0.036743999
                 322             0.031992
                 323          0.032776002
                 324          0.029960001
                 325             0.029808
                 326          0.031672001
                 327          0.030471999
                 328          0.032928001
                 329          0.032207999
                 330          0.034079999
                 331             0.029624
                 332             0.035712
                 333          0.030184001
                 334             0.026144
                 335          0.031207999
                 336          0.031663999
                 337          0.029712001
                 338             0.026464
                 339             0.028376
                 340          0.029208001
                 341          0.032016002
                 342             0.032088
                 343          0.031479999
                 344          0.034696002
                 345          0.037248001
                 346          0.029432001
                 347          0.035751998
                 348              0.03224
                 349          0.033624001
                 350          0.031943999
                 351             0.030312
                 352          0.026992001
                 353          0.032432001
                 354             0.028144
                 355          0.028704001
                 356          0.032944001
                 357          0.032976002
                 358              0.03376
                 359             0.031808
                 360          0.029712001
                 361             0.029408
                 362          0.028263999
                 363              0.03204
                 364          0.034527998
                 365          0.034391999
                 366          0.030503999
                 367             0.031856
                 368             0.031104
                 369             0.032504
                 370          0.033431999
                 371             0.031032
                 372             0.028648
                 373          0.029720001
                 374          0.030487999
                 375          0.029184001
                 376          0.034775998
                 377          0.029271999
                 378          0.032432001
                 379          0.031904001
                 380          0.027775999
                 381             0.029656
                 382          0.026543999
                 383              0.02792
                 384          0.032280002
                 385          0.030656001
                 386          0.033704001
                 387          0.033872001
                 388          0.033303998
                 389          0.033071999
                 390          0.029928001
                 391          0.031831998
                 392          0.031768002
                 393          0.032207999
                 394          0.032575998
                 395             0.030768
                 396          0.030999999
                 397          0.032823998
                 398          0.029527999
                 399             0.034984
                 400          0.030400001
                 401          0.031351998
                 402             0.031592
                 403          0.031800002
                 404          0.029952001
                 405          0.030727999
                 406          0.030487999
                 407          0.026008001
                 408             0.026184
                 409          0.032327998
                 410          0.029231999
                 411          0.030912001
                 412          0.038864002
                 413          0.033392001
                 414          0.032823998
                 415          0.033872001
                 416          0.030959999
                 417          0.032127999
                 418              0.03404
                 419          0.027760001
                 420          0.032903999
                 421          0.031472001
                 422          0.030015999
                 423          0.031879999
                 424              0.03444
                 425          0.031975999
                 426          0.032680001
                 427          0.031152001
                 428             0.030152
                 429          0.034816001
                 430          0.031504001
                 431          0.028976001
                 432          0.033199999
                 433              0.03128
                 434              0.02936
                 435          0.036327999
                 436             0.030104
                 437          0.033863999
                 438          0.032439999
                 439          0.031968001
                 440             0.032832
                 441             0.029352
                 442             0.028608
                 443             0.030816
                 444          0.033927999
                 445          0.030672001
                 446              0.03272
                 447             0.033312
                 448             0.032552
                 449          0.033831999
                 450          0.030479999
                 451          0.029775999
                 452             0.038672
                 453             0.028632
                 454          0.030672001
                 455             0.030336
                 456          0.028944001
                 457          0.032416001
                 458          0.026024001
                 459          0.029975999
                 460          0.031207999
                 461          0.033895999
                 462          0.031904001
                 463              0.03128
                 464             0.032304
                 465          0.029727999
                 466             0.030512
                 467             0.031856
                 468             0.036736
                 469          0.031231999
                 470          0.029912001
                 471          0.028767999
                 472          0.033624001
                 473             0.030336
                 474          0.033824001
                 475          0.033815999
                 476          0.026807999
                 477          0.029479999
                 478          0.035208002
                 479          0.036079999
                 480             0.030032
                 481          0.030408001
                 482          0.031879999
                 483             0.029136
                 484          0.031656001
                 485              0.03008
                 486          0.028696001
                 487          0.034432001
                 488          0.031231999
                 489             0.029888
                 490             0.031048
                 491          0.032368001
                 492          0.033383999
                 493              0.03396
                 494             0.036488
                 495             0.035184
                 496          0.033144001
                 497              0.03224
                 498              0.03128
                 499          0.029999999
                 500          0.034527998
                 501             0.030128
                 502             0.031592
                 503          0.032200001
                 504          0.030176001
                 505          0.030471999
                 506          0.032455999
                 507          0.031631999
                 508             0.030272
                 509          0.031879999
                 510          0.032791998
                 511          0.032912001
                 512          0.027496001
                 513          0.032000002
                 514          0.031711999
                 515          0.034384001
                 516          0.034864001
                 517          0.030239999
                 518          0.029479999
                 519             0.033328
                 520          0.034928001
                 521          0.032871999
                 522          0.032791998
                 523          0.027775999
                 524             0.031808
                 525          0.036088001
                 526          0.030495999
                 527             0.028896
                 528          0.033672001
                 529             0.035776
                 530          0.033256002
                 531          0.027248001
                 532             0.030632
                 533             0.031744
                 534          0.032207999
                 535             0.031056
                 536          0.036495999
                 537             0.033944
                 538          0.030656001
                 539          0.027799999
                 540             0.025656
                 541             0.031024
                 542             0.031776
                 543             0.029656
                 544          0.031160001
                 545             0.028128
                 546             0.029168
                 547             0.031264
                 548          0.032696001
                 549             0.029552
                 550             0.032336
                 551             0.031112
                 552          0.027031999
                 553          0.024560001
                 554          0.033488002
                 555          0.032559998
                 556             0.028904
                 557          0.032616001
                 558              0.02936
                 559              0.02588
                 560             0.029152
                 561          0.031768002
                 562          0.034152001
                 563          0.033831999
                 564          0.032632001
                 565             0.029656
                 566              0.03056
                 567          0.031415999
                 568             0.030856
                 569             0.029056
                 570             0.033464
                 571          0.031904001
                 572              0.02884
                 573             0.028168
                 574          0.034184001
                 575             0.031824
                 576          0.033039998
                 577          0.031959999
                 578          0.028263999
                 579          0.035080001
                 580          0.032455999
                 581          0.029960001
                 582          0.031752001
                 583          0.032696001
                 584             0.025992
                 585              0.02832
                 586             0.033512
                 587              0.03272
                 588             0.028408
                 589          0.029936001
                 590          0.028535999
                 591          0.035751998
                 592             0.029352
                 593          0.029247999
                 594             0.027168
                 595          0.028759999
                 596          0.026791999
                 597          0.033151999
                 598             0.031376
                 599          0.028303999
                 600          0.032311998
                 601             0.034504
                 602          0.032944001
                 603          0.032703999
                 604          0.034327999
                 605             0.029296
                 606          0.032464001
                 607          0.031479999
                 608          0.034143999
                 609          0.033736002
                 610              0.03032
                 611          0.033831999
                 612          0.032407999
                 613              0.03252
                 614             0.030536
                 615          0.032976002
                 616          0.031727999
                 617             0.031064
                 618          0.029200001
                 619             0.033712
                 620              0.02844
                 621             0.032008
                 622          0.034928001
                 623          0.033303998
                 624             0.033248
                 625          0.031472001
                 626          0.034775998
                 627              0.02588
                 628              0.03004
                 629          0.032496002
                 630             0.033232
                 631          0.031640001
                 632             0.030536
                 633          0.032120001
                 634          0.033144001
                 635          0.028047999
                 636          0.026992001
                 637          0.030664001
                 638              0.02324
                 639          0.031191999
                 640             0.025976
                 641             0.035448
                 642              0.03156
                 643             0.030072
                 644              0.03032
                 645              0.02956
                 646          0.034511998
                 647          0.032143999
                 648          0.033968002
                 649          0.031335998
                 650             0.033712
                 651          0.034336001
                 652          0.033144001
                 653             0.034192
                 654          0.029007999
                 655             0.027936
                 656              0.03224
                 657             0.027104
                 658              0.02808
                 659          0.034944002
                 660             0.030848
                 661               0.0296
                 662             0.032488
                 663          0.034423999
                 664          0.031447999
                 665             0.028624
                 666          0.030719999
                 667          0.031656001
                 668              0.03052
                 669             0.029664
                 670          0.031672001
                 671          0.031920001
                 672          0.030991999
                 673             0.032008
                 674             0.035432
                 675          0.030184001
                 676             0.031312
                 677             0.029336
                 678          0.028736001
                 679          0.028720001
                 680          0.028208001
                 681             0.030032
                 682             0.031032
                 683          0.031615999
                 684              0.03012
                 685             0.029824
                 686          0.028960001
                 687             0.027672
                 688          0.026744001
                 689          0.032391999
                 690              0.03108
                 691          0.031272002
                 692              0.03444
                 693          0.029672001
                 694             0.028576
                 695          0.032591999
                 696             0.032568
                 697          0.032680001
                 698             0.027112
                 699             0.027896
                 700          0.029247999
                 701          0.031847998
                 702             0.029808
                 703             0.028144
                 704          0.032648001
                 705              0.03112
                 706          0.026319999
                 707          0.029751999
                 708          0.031184001
                 709               0.0328
                 710             0.029312
                 711          0.025855999
                 712              0.02956
                 713          0.035735998
                 714          0.030200001
                 715          0.033856001
                 716             0.031496
                 717          0.030888001
                 718             0.030032
                 719          0.029039999
                 720             0.030808
                 721          0.035551999
                 722          0.032407999
                 723             0.031104
                 724          0.034728002
                 725             0.032536
                 726          0.033688001
                 727          0.035440002
                 728          0.034152001
                 729          0.034464002
                 730             0.030808
                 731          0.032912001
                 732          0.032423999
                 733          0.032079998
                 734             0.030576
                 735             0.029816
                 736             0.028584
                 737             0.028592
                 738             0.033808
                 739             0.032784
                 740             0.033464
                 741             0.029792
                 742              0.03076
                 743          0.025544001
                 744             0.030632
                 745          0.031943999
                 746          0.027559999
                 747          0.030416001
                 748             0.028664
                 749              0.02736
                 750             0.033512
                 751             0.033528
                 752          0.033904001
                 753             0.030512
                 754              0.03568
                 755          0.030967999
                 756              0.03328
                 757          0.035592001
                 758             0.030576
                 759          0.028759999
                 760          0.033087999
                 761             0.030056
                 762          0.029912001
                 763             0.028184
                 764             0.029792
                 765             0.028392
                 766             0.031096
                 767             0.030832
                 768              0.02932
                 769             0.029552
                 770             0.033264
                 771          0.032384001
                 772          0.030743999
                 773          0.031552002
                 774          0.035615999
                 775          0.035096001
                 776          0.034232002
                 777          0.035319999
                 778             0.030344
                 779          0.029456001
                 780          0.032400001
                 781          0.032680001
                 782          0.034407999
                 783          0.032744002
                 784             0.035496
                 785             0.032552
                 786          0.032016002
                 787          0.031640001
                 788              0.03232
                 789             0.031112
                 790          0.028271999
                 791             0.026376
                 792             0.031264
                 793              0.03136
                 794          0.031319998
                 795             0.028824
                 796          0.033936001
                 797             0.028392
                 798             0.028168
                 799             0.029864
                 800             0.029584
                 801              0.02792
                 802          0.031888001
                 803          0.033287998
                 804          0.028704001
                 805             0.030344
                 806          0.031784002
                 807          0.032359999
                 808             0.029136
                 809          0.037048001
                 810             0.034672
                 811             0.030792
                 812          0.031456001
                 813          0.031599998
                 814             0.032504
                 815          0.031663999
                 816          0.030424001
                 817          0.033968002
                 818          0.031727999
                 819          0.030503999
                 820              0.02868
                 821             0.027368
                 822          0.033151999
                 823          0.034664001
                 824          0.029920001
                 825          0.035144001
                 826          0.029960001
                 827          0.030896001
                 828             0.034504
                 829             0.031744
                 830          0.029487999
                 831          0.029975999
                 832               0.0308
                 833          0.029440001
                 834          0.030160001
                 835          0.031920001
                 836             0.030096
                 837          0.033128001
                 838             0.032968
                 839             0.028576
                 840             0.031544
                 841          0.030184001
                 842          0.035128001
                 843             0.030768
                 844          0.033335999
                 845          0.033688001
                 846             0.035944
                 847          0.031160001
                 848          0.030503999
                 849             0.029648
                 850          0.030672001
                 851             0.029112
                 852          0.030176001
                 853          0.032248002
                 854               0.0306
                 855          0.030656001
                 856             0.028616
                 857              0.02868
                 858             0.028328
                 859             0.030856
                 860              0.02788
                 861          0.029208001
                 862             0.032336
                 863          0.030184001
                 864          0.027728001
                 865          0.027791999
                 866          0.031640001
                 867               0.0294
                 868             0.027152
                 869          0.032384001
                 870             0.030568
                 871             0.030112
                 872             0.029616
                 873          0.032295998
                 874          0.031920001
                 875             0.029624
                 876          0.032079998
                 877          0.032311998
                 878              0.03712
                 879             0.030552
                 880              0.03032
                 881             0.029616
                 882          0.031335998
                 883             0.030832
                 884          0.029271999
                 885          0.030503999
                 886          0.029967999
                 887          0.031456001
                 888          0.031207999
                 889          0.028775999
                 890          0.031672001
                 891          0.031472001
                 892          0.030200001
                 893          0.032776002
                 894             0.034304
                 895          0.030432001
                 896          0.027480001
                 897             0.029536
                 898          0.031215999
                 899          0.030503999
                 900          0.030455999
                 901             0.031544
                 902             0.032256
                 903              0.03356
                 904          0.031504001
                 905          0.030664001
                 906          0.031736001
                 907          0.032543998
                 908          0.031392001
                 909             0.032072
                 910          0.031727999
                 911          0.028751999
                 912          0.030912001
                 913             0.027376
                 914          0.030263999
                 915             0.029664
                 916          0.028728001
                 917          0.031431999
                 918             0.031072
                 919          0.029688001
                 920              0.02984
                 921             0.030272
                 922             0.031032
                 923          0.030247999
                 924          0.025536001
                 925             0.027672
                 926               0.0232
                 927          0.030471999
                 928              0.03064
                 929             0.026192
                 930          0.029479999
                 931          0.030215999
                 932             0.028344
                 933          0.036327999
                 934          0.037408002
                 935          0.034664001
                 936          0.031688001
                 937          0.032016002
                 938          0.031399999
                 939             0.030344
                 940          0.029735999
                 941          0.033287998
                 942             0.030632
                 943             0.036488
                 944             0.033464
                 945          0.033936001
                 946          0.029983999
                 947          0.033144001
                 948          0.035151999
                 949             0.028904
                 950              0.02492
                 951             0.034768
                 952             0.028576
                 953          0.031784002
                 954          0.027976001
                 955          0.029960001
                 956          0.028704001
                 957              0.03084
                 958          0.032944001
                 959          0.031863999
                 960          0.032143999
                 961          0.029432001
                 962          0.032528002
                 963          0.027480001
                 964             0.029336
                 965          0.027488001
                 966             0.027368
                 967          0.033344001
                 968          0.030975999
                 969          0.031456001
                 970             0.031096
                 971          0.034944002
                 972             0.028416
                 973             0.026688
                 974          0.034407999
                 975          0.030711999
                 976          0.027279999
                 977          0.028000001
                 978          0.034143999
                 979          0.031647999
                 980          0.027567999
                 981             0.030584
                 982          0.037335999
                 983          0.034823999
                 984             0.030792
                 985             0.029784
                 986              0.03184
                 987          0.032744002
                 988          0.034295999
                 989          0.037351999
                 990             0.031104
                 991          0.032264002
                 992          0.032823998
                 993             0.030784
                 994          0.033376001
                 995          0.032175999
                 996          0.030223999
                 997          0.028759999
                 998          0.034015998
                 999             0.029864
                1000             0.029064
