                   1                 -0.5
                   2                 -0.5
                   3                   -1
                   4                    0
                   5                    0
                   6                  0.5
                   7                  0.5
                   8                  0.5
                   9                  0.5
                  10                    0
                  11                    0
                  12                    1
                  13                  0.5
                  14                 -0.5
                  15                    0
                  16                    0
                  17                  0.5
                  18                    1
                  19                    0
                  20                    0
                  21                    0
                  22                 -0.5
                  23                    0
                  24                    1
                  25                    0
                  26                 -0.5
                  27                    0
                  28                  0.5
                  29                 -0.5
                  30                   -1
                  31                 -0.5
                  32                 -0.5
                  33                 -0.5
                  34                  0.5
                  35                    0
                  36                    0
                  37                  0.5
                  38                    0
                  39                 -0.5
                  40                 -0.5
                  41                    0
                  42                  0.5
                  43                   -1
                  44                 -0.5
                  45                 -0.5
                  46                   -1
                  47                   -1
                  48                    0
                  49                    0
                  50                    0
                  51                    1
                  52                    1
                  53                    0
                  54                  0.5
                  55                  0.5
                  56                    0
                  57                  0.5
                  58                   -1
                  59                    0
                  60                    0
                  61                    0
                  62                   -1
                  63                    0
                  64                    0
                  65                 -0.5
                  66                 -0.5
                  67                    0
                  68                  0.5
                  69                    0
                  70                 -0.5
                  71                 -0.5
                  72                  0.5
                  73                 -0.5
                  74                  0.5
                  75                   -1
                  76                  0.5
                  77                  0.5
                  78                   -1
                  79                    0
                  80                    0
                  81                 -0.5
                  82                  0.5
                  83                 -0.5
                  84                 -0.5
                  85                  0.5
                  86                  0.5
                  87                    0
                  88                  0.5
                  89                    0
                  90                  0.5
                  91                  0.5
                  92                  0.5
                  93                  0.5
                  94                 -0.5
                  95                    1
                  96                    0
                  97                  0.5
                  98                  0.5
                  99                    1
                 100                    0
                 101                    0
                 102                  0.5
                 103                   -1
                 104                    0
                 105                    1
                 106                   -1
                 107                    0
                 108                    1
                 109                    0
                 110                    0
                 111                  0.5
                 112                  0.5
                 113                 -0.5
                 114                    0
                 115                    0
                 116                  0.5
                 117                    0
                 118                  0.5
                 119                    0
                 120                 -0.5
                 121                   -1
                 122                 -0.5
                 123                    0
                 124                   -1
                 125                 -0.5
                 126                    0
                 127                  0.5
                 128                 -0.5
                 129                 -0.5
                 130                    0
                 131                    0
                 132                 -0.5
                 133                    0
                 134                  0.5
                 135                 -0.5
                 136                    0
                 137                 -0.5
                 138                   -1
                 139                   -1
                 140                  0.5
                 141                  0.5
                 142                    1
                 143                    0
                 144                    0
                 145                   -1
                 146                    0
                 147                 -0.5
                 148                    0
                 149                  0.5
                 150                    0
                 151                 -0.5
                 152                    1
                 153                   -1
                 154                 -0.5
                 155                   -1
                 156                    0
                 157                  0.5
                 158                    0
                 159                    0
                 160                 -0.5
                 161                 -0.5
                 162                    0
                 163                  0.5
                 164                    0
                 165                    0
                 166                    0
                 167                  0.5
                 168                    0
                 169                   -1
                 170                  0.5
                 171                   -1
                 172                 -0.5
                 173                    0
                 174                   -1
                 175                    0
                 176                    0
                 177                  0.5
                 178                    0
                 179                   -1
                 180                   -1
                 181                    0
                 182                    0
                 183                    0
                 184                    0
                 185                 -0.5
                 186                  0.5
                 187                    1
                 188                    1
                 189                  0.5
                 190                    0
                 191                  0.5
                 192                  0.5
                 193                    0
                 194                 -0.5
                 195                  0.5
                 196                   -1
                 197                  0.5
                 198                    0
                 199                  0.5
                 200                  0.5
                 201                 -0.5
                 202                  0.5
                 203                    0
                 204                 -0.5
                 205                 -0.5
                 206                   -1
                 207                    0
                 208                 -0.5
                 209                   -1
                 210                    0
                 211                  0.5
                 212                  0.5
                 213                    1
                 214                    1
                 215                 -0.5
                 216                    0
                 217                    0
                 218                 -0.5
                 219                    0
                 220                    0
                 221                    0
                 222                  0.5
                 223                   -1
                 224                 -0.5
                 225                   -1
                 226                    0
                 227                 -0.5
                 228                   -1
                 229                 -0.5
                 230                    0
                 231                 -0.5
                 232                 -0.5
                 233                    0
                 234                 -0.5
                 235                 -0.5
                 236                 -0.5
                 237                  0.5
                 238                   -1
                 239                    0
                 240                 -0.5
                 241                 -0.5
                 242                    0
                 243                 -0.5
                 244                 -0.5
                 245                  0.5
                 246                  0.5
                 247                    1
                 248                    0
                 249                    0
                 250                  0.5
                 251                    0
                 252                 -0.5
                 253                   -1
                 254                  0.5
                 255                   -1
                 256                    1
                 257                    0
                 258                 -0.5
                 259                 -0.5
                 260                    1
                 261                 -0.5
                 262                  0.5
                 263                 -0.5
                 264                    0
                 265                  0.5
                 266                    0
                 267                  0.5
                 268                    0
                 269                  0.5
                 270                 -0.5
                 271                    0
                 272                   -1
                 273                   -1
                 274                    0
                 275                   -1
                 276                 -0.5
                 277                   -1
                 278                    1
                 279                    1
                 280                  0.5
                 281                 -0.5
                 282                 -0.5
                 283                  0.5
                 284                  0.5
                 285                    0
                 286                    0
                 287                  0.5
                 288                   -1
                 289                   -1
                 290                 -0.5
                 291                  0.5
                 292                 -0.5
                 293                    0
                 294                 -0.5
                 295                 -0.5
                 296                    0
                 297                 -0.5
                 298                    0
                 299                    0
                 300                    0
                 301                  0.5
                 302                  0.5
                 303                 -0.5
                 304                    1
                 305                    0
                 306                 -0.5
                 307                    0
                 308                  0.5
                 309                 -0.5
                 310                 -0.5
                 311                    0
                 312                  0.5
                 313                    1
                 314                  0.5
                 315                  0.5
                 316                 -0.5
                 317                  0.5
                 318                 -0.5
                 319                    0
                 320                    0
                 321                  0.5
                 322                    0
                 323                 -0.5
                 324                  0.5
                 325                  0.5
                 326                 -0.5
                 327                   -1
                 328                    0
                 329                    0
                 330                    0
                 331                 -0.5
                 332                  0.5
                 333                   -1
                 334                 -0.5
                 335                    1
                 336                    1
                 337                  0.5
                 338                 -0.5
                 339                 -0.5
                 340                  0.5
                 341                  0.5
                 342                 -0.5
                 343                 -0.5
                 344                    0
                 345                    0
                 346                    0
                 347                 -0.5
                 348                    1
                 349                    0
                 350                    0
                 351                    0
                 352                    0
                 353                 -0.5
                 354                 -0.5
                 355                    0
                 356                    0
                 357                    0
                 358                    0
                 359                    1
                 360                 -0.5
                 361                    0
                 362                  0.5
                 363                  0.5
                 364                    1
                 365                    0
                 366                    0
                 367                    0
                 368                    1
                 369                  0.5
                 370                  0.5
                 371                   -1
                 372                    0
                 373                  0.5
                 374                 -0.5
                 375                  0.5
                 376                  0.5
                 377                    0
                 378                   -1
                 379                 -0.5
                 380                    0
                 381                  0.5
                 382                 -0.5
                 383                  0.5
                 384                 -0.5
                 385                    0
                 386                    0
                 387                  0.5
                 388                  0.5
                 389                   -1
                 390                  0.5
                 391                    0
                 392                  0.5
                 393                    1
                 394                 -0.5
                 395                   -1
                 396                  0.5
                 397                    0
                 398                 -0.5
                 399                 -0.5
                 400                 -0.5
                 401                    1
                 402                    0
                 403                    0
                 404                  0.5
                 405                    1
                 406                    1
                 407                    1
                 408                  0.5
                 409                    0
                 410                    0
                 411                  0.5
                 412                    0
                 413                    0
                 414                   -1
                 415                    0
                 416                   -1
                 417                 -0.5
                 418                    0
                 419                   -1
                 420                    1
                 421                 -0.5
                 422                 -0.5
                 423                 -0.5
                 424                    0
                 425                  0.5
                 426                 -0.5
                 427                    0
                 428                  0.5
                 429                    0
                 430                    1
                 431                    1
                 432                 -0.5
                 433                 -0.5
                 434                  0.5
                 435                    0
                 436                    0
                 437                  0.5
                 438                    1
                 439                    1
                 440                    0
                 441                 -0.5
                 442                    0
                 443                    0
                 444                   -1
                 445                  0.5
                 446                  0.5
                 447                  0.5
                 448                 -0.5
                 449                  0.5
                 450                 -0.5
                 451                  0.5
                 452                    0
                 453                 -0.5
                 454                   -1
                 455                  0.5
                 456                 -0.5
                 457                   -1
                 458                    0
                 459                 -0.5
                 460                    0
                 461                 -0.5
                 462                    0
                 463                  0.5
                 464                    0
                 465                    1
                 466                    1
                 467                    1
                 468                  0.5
                 469                    0
                 470                 -0.5
                 471                 -0.5
                 472                 -0.5
                 473                    0
                 474                    0
                 475                 -0.5
                 476                    0
                 477                   -1
                 478                   -1
                 479                   -1
                 480                 -0.5
                 481                    0
                 482                    1
                 483                    1
                 484                    0
                 485                    0
                 486                   -1
                 487                 -0.5
                 488                    0
                 489                  0.5
                 490                 -0.5
                 491                 -0.5
                 492                    0
                 493                    0
                 494                    0
                 495                 -0.5
                 496                 -0.5
                 497                 -0.5
                 498                    0
                 499                  0.5
                 500                    0
                 501                    1
                 502                    0
                 503                 -0.5
                 504                    0
                 505                  0.5
                 506                   -1
                 507                    1
                 508                  0.5
                 509                  0.5
                 510                    0
                 511                  0.5
                 512                    0
                 513                  0.5
                 514                  0.5
                 515                    0
                 516                  0.5
                 517                    0
                 518                    0
                 519                 -0.5
                 520                    0
                 521                  0.5
                 522                  0.5
                 523                 -0.5
                 524                    0
                 525                    0
                 526                    0
                 527                 -0.5
                 528                    1
                 529                    0
                 530                  0.5
                 531                  0.5
                 532                    0
                 533                  0.5
                 534                    1
                 535                  0.5
                 536                   -1
                 537                  0.5
                 538                  0.5
                 539                 -0.5
                 540                    0
                 541                  0.5
                 542                  0.5
                 543                 -0.5
                 544                    1
                 545                  0.5
                 546                 -0.5
                 547                 -0.5
                 548                  0.5
                 549                  0.5
                 550                 -0.5
                 551                   -1
                 552                    0
                 553                 -0.5
                 554                    0
                 555                    0
                 556                    0
                 557                    1
                 558                  0.5
                 559                    0
                 560                 -0.5
                 561                 -0.5
                 562                 -0.5
                 563                 -0.5
                 564                    0
                 565                    0
                 566                 -0.5
                 567                    1
                 568                  0.5
                 569                 -0.5
                 570                  0.5
                 571                    0
                 572                    1
                 573                    0
                 574                  0.5
                 575                  0.5
                 576                    1
                 577                    0
                 578                 -0.5
                 579                  0.5
                 580                 -0.5
                 581                 -0.5
                 582                    0
                 583                  0.5
                 584                 -0.5
                 585                  0.5
                 586                    0
                 587                    0
                 588                   -1
                 589                 -0.5
                 590                  0.5
                 591                    0
                 592                 -0.5
                 593                  0.5
                 594                 -0.5
                 595                   -1
                 596                    0
                 597                    1
                 598                    0
                 599                 -0.5
                 600                  0.5
                 601                  0.5
                 602                 -0.5
                 603                    1
                 604                  0.5
                 605                  0.5
                 606                    0
                 607                 -0.5
                 608                    0
                 609                    0
                 610                  0.5
                 611                    0
                 612                    0
                 613                 -0.5
                 614                 -0.5
                 615                    0
                 616                  0.5
                 617                    0
                 618                    0
                 619                    0
                 620                  0.5
                 621                 -0.5
                 622                 -0.5
                 623                  0.5
                 624                  0.5
                 625                    0
                 626                 -0.5
                 627                 -0.5
                 628                  0.5
                 629                 -0.5
                 630                  0.5
                 631                  0.5
                 632                 -0.5
                 633                  0.5
                 634                  0.5
                 635                  0.5
                 636                    1
                 637                 -0.5
                 638                    1
                 639                    0
                 640                  0.5
                 641                 -0.5
                 642                    0
                 643                    0
                 644                    0
                 645                    0
                 646                    0
                 647                 -0.5
                 648                 -0.5
                 649                  0.5
                 650                    1
                 651                    0
                 652                 -0.5
                 653                    0
                 654                    0
                 655                    1
                 656                 -0.5
                 657                 -0.5
                 658                   -1
                 659                 -0.5
                 660                    1
                 661                   -1
                 662                    0
                 663                  0.5
                 664                  0.5
                 665                    0
                 666                 -0.5
                 667                    0
                 668                    1
                 669                  0.5
                 670                 -0.5
                 671                  0.5
                 672                    0
                 673                 -0.5
                 674                  0.5
                 675                 -0.5
                 676                 -0.5
                 677                    0
                 678                    0
                 679                    0
                 680                  0.5
                 681                    0
                 682                 -0.5
                 683                  0.5
                 684                    0
                 685                    0
                 686                  0.5
                 687                  0.5
                 688                    1
                 689                    0
                 690                 -0.5
                 691                 -0.5
                 692                   -1
                 693                 -0.5
                 694                   -1
                 695                 -0.5
                 696                  0.5
                 697                    1
                 698                  0.5
                 699                  0.5
                 700                    0
                 701                    0
                 702                  0.5
                 703                    0
                 704                  0.5
                 705                 -0.5
                 706                 -0.5
                 707                 -0.5
                 708                 -0.5
                 709                 -0.5
                 710                 -0.5
                 711                    1
                 712                    0
                 713                    0
                 714                  0.5
                 715                    0
                 716                    1
                 717                    0
                 718                 -0.5
                 719                  0.5
                 720                    1
                 721                    0
                 722                 -0.5
                 723                 -0.5
                 724                  0.5
                 725                  0.5
                 726                  0.5
                 727                 -0.5
                 728                    0
                 729                   -1
                 730                  0.5
                 731                    0
                 732                    0
                 733                    0
                 734                  0.5
                 735                 -0.5
                 736                    0
                 737                    1
                 738                    1
                 739                    1
                 740                  0.5
                 741                 -0.5
                 742                 -0.5
                 743                   -1
                 744                  0.5
                 745                   -1
                 746                    0
                 747                  0.5
                 748                    0
                 749                 -0.5
                 750                    0
                 751                   -1
                 752                    0
                 753                   -1
                 754                   -1
                 755                   -1
                 756                    0
                 757                    1
                 758                    0
                 759                  0.5
                 760                  0.5
                 761                    0
                 762                  0.5
                 763                    0
                 764                    0
                 765                    0
                 766                    0
                 767                   -1
                 768                    1
                 769                  0.5
                 770                 -0.5
                 771                    0
                 772                   -1
                 773                  0.5
                 774                    1
                 775                  0.5
                 776                  0.5
                 777                  0.5
                 778                 -0.5
                 779                    0
                 780                 -0.5
                 781                 -0.5
                 782                    0
                 783                    0
                 784                 -0.5
                 785                    0
                 786                    0
                 787                    0
                 788                  0.5
                 789                    0
                 790                  0.5
                 791                  0.5
                 792                  0.5
                 793                    0
                 794                 -0.5
                 795                    0
                 796                   -1
                 797                 -0.5
                 798                    0
                 799                  0.5
                 800                    1
                 801                  0.5
                 802                  0.5
                 803                 -0.5
                 804                    0
                 805                    0
                 806                   -1
                 807                 -0.5
                 808                    1
                 809                  0.5
                 810                    0
                 811                  0.5
                 812                    0
                 813                    0
                 814                    0
                 815                    0
                 816                   -1
                 817                  0.5
                 818                 -0.5
                 819                    1
                 820                 -0.5
                 821                 -0.5
                 822                    1
                 823                  0.5
                 824                    0
                 825                    1
                 826                   -1
                 827                  0.5
                 828                  0.5
                 829                    0
                 830                  0.5
                 831                    0
                 832                  0.5
                 833                 -0.5
                 834                 -0.5
                 835                  0.5
                 836                    0
                 837                    0
                 838                 -0.5
                 839                 -0.5
                 840                  0.5
                 841                  0.5
                 842                    0
                 843                 -0.5
                 844                    0
                 845                 -0.5
                 846                 -0.5
                 847                   -1
                 848                    1
                 849                    0
                 850                 -0.5
                 851                   -1
                 852                    0
                 853                 -0.5
                 854                 -0.5
                 855                 -0.5
                 856                 -0.5
                 857                 -0.5
                 858                    0
                 859                    0
                 860                 -0.5
                 861                    0
                 862                  0.5
                 863                 -0.5
                 864                  0.5
                 865                    1
                 866                    1
                 867                 -0.5
                 868                 -0.5
                 869                   -1
                 870                   -1
                 871                    0
                 872                  0.5
                 873                  0.5
                 874                    0
                 875                   -1
                 876                  0.5
                 877                    0
                 878                  0.5
                 879                  0.5
                 880                 -0.5
                 881                  0.5
                 882                    0
                 883                    0
                 884                 -0.5
                 885                 -0.5
                 886                    0
                 887                    0
                 888                    0
                 889                 -0.5
                 890                  0.5
                 891                  0.5
                 892                    0
                 893                    1
                 894                    0
                 895                  0.5
                 896                    1
                 897                  0.5
                 898                   -1
                 899                 -0.5
                 900                 -0.5
                 901                    0
                 902                    0
                 903                    0
                 904                    0
                 905                   -1
                 906                    0
                 907                  0.5
                 908                    0
                 909                 -0.5
                 910                    0
                 911                  0.5
                 912                 -0.5
                 913                  0.5
                 914                   -1
                 915                   -1
                 916                    0
                 917                    0
                 918                    1
                 919                  0.5
                 920                  0.5
                 921                    0
                 922                    0
                 923                    0
                 924                 -0.5
                 925                   -1
                 926                    0
                 927                 -0.5
                 928                    0
                 929                  0.5
                 930                    0
                 931                    0
                 932                   -1
                 933                    1
                 934                 -0.5
                 935                    0
                 936                    0
                 937                    1
                 938                  0.5
                 939                 -0.5
                 940                    0
                 941                    0
                 942                    0
                 943                    0
                 944                    0
                 945                 -0.5
                 946                   -1
                 947                  0.5
                 948                   -1
                 949                 -0.5
                 950                  0.5
                 951                  0.5
                 952                  0.5
                 953                  0.5
                 954                    0
                 955                    0
                 956                    0
                 957                   -1
                 958                    0
                 959                 -0.5
                 960                    1
                 961                  0.5
                 962                    0
                 963                  0.5
                 964                    0
                 965                  0.5
                 966                    0
                 967                 -0.5
                 968                   -1
                 969                   -1
                 970                  0.5
                 971                    1
                 972                  0.5
                 973                  0.5
                 974                    1
                 975                    0
                 976                 -0.5
                 977                 -0.5
                 978                   -1
                 979                    0
                 980                  0.5
                 981                  0.5
                 982                  0.5
                 983                  0.5
                 984                   -1
                 985                    0
                 986                 -0.5
                 987                  0.5
                 988                 -0.5
                 989                 -0.5
                 990                 -0.5
                 991                  0.5
                 992                 -0.5
                 993                 -0.5
                 994                  0.5
                 995                    0
                 996                   -1
                 997                  0.5
                 998                 -0.5
                 999                   -1
                1000                    0
